  wavelength    amplitude
7.00000000E-07 2.82842712E+00
7.00195503E-07 3.00000000E+00
7.00391007E-07 2.82842712E+00
7.00586510E-07 2.00000000E+00
7.00782014E-07 2.44948974E+00
7.00977517E-07 2.82842712E+00
7.01173021E-07 3.16227766E+00
7.01368524E-07 3.16227766E+00
7.01564027E-07 2.82842712E+00
7.01759531E-07 2.00000000E+00
7.01955034E-07 2.64575131E+00
7.02150538E-07 2.64575131E+00
7.02346041E-07 2.64575131E+00
7.02541544E-07 2.64575131E+00
7.02737048E-07 2.44948974E+00
7.02932551E-07 2.44948974E+00
7.03128055E-07 2.23606798E+00
7.03323558E-07 2.82842712E+00
7.03519062E-07 2.64575131E+00
7.03714565E-07 2.82842712E+00
7.03910068E-07 3.16227766E+00
7.04105572E-07 3.60555128E+00
7.04301075E-07 2.44948974E+00
7.04496579E-07 2.44948974E+00
7.04692082E-07 2.44948974E+00
7.04887586E-07 2.44948974E+00
7.05083089E-07 2.64575131E+00
7.05278592E-07 2.64575131E+00
7.05474096E-07 3.00000000E+00
7.05669599E-07 2.00000000E+00
7.05865103E-07 2.00000000E+00
7.06060606E-07 2.44948974E+00
7.06256109E-07 2.64575131E+00
7.06451613E-07 3.16227766E+00
7.06647116E-07 3.00000000E+00
7.06842620E-07 3.31662479E+00
7.07038123E-07 3.00000000E+00
7.07233627E-07 2.44948974E+00
7.07429130E-07 2.82842712E+00
7.07624633E-07 2.44948974E+00
7.07820137E-07 2.82842712E+00
7.08015640E-07 2.00000000E+00
7.08211144E-07 2.64575131E+00
7.08406647E-07 3.16227766E+00
7.08602151E-07 2.44948974E+00
7.08797654E-07 2.64575131E+00
7.08993157E-07 2.82842712E+00
7.09188661E-07 2.00000000E+00
7.09384164E-07 2.44948974E+00
7.09579668E-07 2.82842712E+00
7.09775171E-07 2.44948974E+00
7.09970674E-07 2.64575131E+00
7.10166178E-07 2.82842712E+00
7.10361681E-07 2.00000000E+00
7.10557185E-07 3.00000000E+00
7.10752688E-07 3.16227766E+00
7.10948192E-07 2.82842712E+00
7.11143695E-07 2.82842712E+00
7.11339198E-07 3.16227766E+00
7.11534702E-07 1.73205081E+00
7.11730205E-07 3.00000000E+00
7.11925709E-07 3.46410162E+00
7.12121212E-07 3.00000000E+00
7.12316716E-07 2.82842712E+00
7.12512219E-07 2.00000000E+00
7.12707722E-07 3.31662479E+00
7.12903226E-07 2.82842712E+00
7.13098729E-07 2.64575131E+00
7.13294233E-07 1.41421356E+00
7.13489736E-07 2.44948974E+00
7.13685239E-07 2.44948974E+00
7.13880743E-07 2.64575131E+00
7.14076246E-07 3.16227766E+00
7.14271750E-07 2.44948974E+00
7.14467253E-07 2.23606798E+00
7.14662757E-07 1.73205081E+00
7.14858260E-07 2.64575131E+00
7.15053763E-07 2.23606798E+00
7.15249267E-07 2.44948974E+00
7.15444770E-07 2.44948974E+00
7.15640274E-07 3.00000000E+00
7.15835777E-07 2.00000000E+00
7.16031281E-07 2.23606798E+00
7.16226784E-07 2.00000000E+00
7.16422287E-07 2.23606798E+00
7.16617791E-07 3.00000000E+00
7.16813294E-07 2.82842712E+00
7.17008798E-07 3.16227766E+00
7.17204301E-07 2.82842712E+00
7.17399804E-07 2.82842712E+00
7.17595308E-07 3.16227766E+00
7.17790811E-07 2.44948974E+00
7.17986315E-07 3.00000000E+00
7.18181818E-07 2.64575131E+00
7.18377322E-07 3.16227766E+00
7.18572825E-07 2.82842712E+00
7.18768328E-07 3.87298335E+00
7.18963832E-07 2.64575131E+00
7.19159335E-07 2.82842712E+00
7.19354839E-07 3.00000000E+00
7.19550342E-07 2.82842712E+00
7.19745846E-07 2.82842712E+00
7.19941349E-07 2.44948974E+00
7.20136852E-07 2.44948974E+00
7.20332356E-07 2.82842712E+00
7.20527859E-07 2.00000000E+00
7.20723363E-07 2.64575131E+00
7.20918866E-07 2.82842712E+00
7.21114370E-07 2.82842712E+00
7.21309873E-07 2.82842712E+00
7.21505376E-07 2.82842712E+00
7.21700880E-07 3.46410162E+00
7.21896383E-07 3.31662479E+00
7.22091887E-07 2.82842712E+00
7.22287390E-07 2.44948974E+00
7.22482893E-07 2.82842712E+00
7.22678397E-07 2.44948974E+00
7.22873900E-07 3.46410162E+00
7.23069404E-07 3.00000000E+00
7.23264907E-07 2.82842712E+00
7.23460411E-07 3.16227766E+00
7.23655914E-07 2.44948974E+00
7.23851417E-07 2.82842712E+00
7.24046921E-07 2.44948974E+00
7.24242424E-07 3.00000000E+00
7.24437928E-07 3.16227766E+00
7.24633431E-07 2.44948974E+00
7.24828935E-07 2.64575131E+00
7.25024438E-07 2.44948974E+00
7.25219941E-07 2.44948974E+00
7.25415445E-07 2.82842712E+00
7.25610948E-07 2.82842712E+00
7.25806452E-07 2.44948974E+00
7.26001955E-07 2.44948974E+00
7.26197458E-07 2.23606798E+00
7.26392962E-07 2.82842712E+00
7.26588465E-07 2.64575131E+00
7.26783969E-07 3.16227766E+00
7.26979472E-07 3.16227766E+00
7.27174976E-07 3.16227766E+00
7.27370479E-07 3.16227766E+00
7.27565982E-07 3.16227766E+00
7.27761486E-07 2.82842712E+00
7.27956989E-07 2.82842712E+00
7.28152493E-07 2.44948974E+00
7.28347996E-07 2.82842712E+00
7.28543500E-07 2.44948974E+00
7.28739003E-07 3.16227766E+00
7.28934506E-07 2.44948974E+00
7.29130010E-07 2.23606798E+00
7.29325513E-07 1.73205081E+00
7.29521017E-07 2.82842712E+00
7.29716520E-07 2.44948974E+00
7.29912023E-07 2.82842712E+00
7.30107527E-07 3.00000000E+00
7.30303030E-07 2.44948974E+00
7.30498534E-07 3.16227766E+00
7.30694037E-07 2.64575131E+00
7.30889541E-07 2.44948974E+00
7.31085044E-07 3.31662479E+00
7.31280547E-07 2.64575131E+00
7.31476051E-07 3.00000000E+00
7.31671554E-07 3.74165739E+00
7.31867058E-07 3.16227766E+00
7.32062561E-07 3.00000000E+00
7.32258065E-07 3.00000000E+00
7.32453568E-07 2.82842712E+00
7.32649071E-07 2.64575131E+00
7.32844575E-07 3.00000000E+00
7.33040078E-07 2.82842712E+00
7.33235582E-07 3.87298335E+00
7.33431085E-07 3.16227766E+00
7.33626588E-07 3.87298335E+00
7.33822092E-07 5.19615242E+00
7.34017595E-07 5.38516481E+00
7.34213099E-07 5.19615242E+00
7.34408602E-07 4.00000000E+00
7.34604106E-07 3.74165739E+00
7.34799609E-07 3.16227766E+00
7.34995112E-07 4.00000000E+00
7.35190616E-07 3.74165739E+00
7.35386119E-07 4.24264069E+00
7.35581623E-07 3.31662479E+00
7.35777126E-07 3.46410162E+00
7.35972630E-07 3.60555128E+00
7.36168133E-07 3.87298335E+00
7.36363636E-07 2.64575131E+00
7.36559140E-07 3.46410162E+00
7.36754643E-07 3.31662479E+00
7.36950147E-07 3.74165739E+00
7.37145650E-07 2.64575131E+00
7.37341153E-07 3.60555128E+00
7.37536657E-07 4.00000000E+00
7.37732160E-07 3.46410162E+00
7.37927664E-07 2.64575131E+00
7.38123167E-07 2.82842712E+00
7.38318671E-07 3.16227766E+00
7.38514174E-07 2.64575131E+00
7.38709677E-07 3.31662479E+00
7.38905181E-07 3.46410162E+00
7.39100684E-07 3.74165739E+00
7.39296188E-07 3.16227766E+00
7.39491691E-07 3.60555128E+00
7.39687195E-07 2.82842712E+00
7.39882698E-07 3.46410162E+00
7.40078201E-07 3.87298335E+00
7.40273705E-07 3.31662479E+00
7.40469208E-07 3.87298335E+00
7.40664712E-07 4.12310563E+00
7.40860215E-07 4.00000000E+00
7.41055718E-07 3.46410162E+00
7.41251222E-07 4.12310563E+00
7.41446725E-07 3.87298335E+00
7.41642229E-07 4.12310563E+00
7.41837732E-07 3.74165739E+00
7.42033236E-07 3.60555128E+00
7.42228739E-07 3.31662479E+00
7.42424242E-07 3.87298335E+00
7.42619746E-07 3.87298335E+00
7.42815249E-07 3.87298335E+00
7.43010753E-07 4.24264069E+00
7.43206256E-07 4.00000000E+00
7.43401760E-07 3.74165739E+00
7.43597263E-07 4.69041576E+00
7.43792766E-07 4.35889894E+00
7.43988270E-07 3.87298335E+00
7.44183773E-07 4.35889894E+00
7.44379277E-07 4.24264069E+00
7.44574780E-07 4.35889894E+00
7.44770283E-07 3.87298335E+00
7.44965787E-07 4.24264069E+00
7.45161290E-07 4.47213595E+00
7.45356794E-07 4.47213595E+00
7.45552297E-07 4.58257569E+00
7.45747801E-07 4.58257569E+00
7.45943304E-07 4.69041576E+00
7.46138807E-07 4.24264069E+00
7.46334311E-07 4.69041576E+00
7.46529814E-07 4.69041576E+00
7.46725318E-07 4.35889894E+00
7.46920821E-07 4.12310563E+00
7.47116325E-07 5.19615242E+00
7.47311828E-07 4.58257569E+00
7.47507331E-07 4.47213595E+00
7.47702835E-07 4.89897949E+00
7.47898338E-07 5.00000000E+00
7.48093842E-07 5.00000000E+00
7.48289345E-07 5.00000000E+00
7.48484848E-07 5.29150262E+00
7.48680352E-07 5.19615242E+00
7.48875855E-07 5.47722558E+00
7.49071359E-07 5.56776436E+00
7.49266862E-07 5.74456265E+00
7.49462366E-07 6.00000000E+00
7.49657869E-07 5.65685425E+00
7.49853372E-07 6.16441400E+00
7.50048876E-07 6.00000000E+00
7.50244379E-07 6.16441400E+00
7.50439883E-07 5.91607978E+00
7.50635386E-07 6.16441400E+00
7.50830890E-07 6.08276253E+00
7.51026393E-07 6.24499800E+00
7.51221896E-07 6.32455532E+00
7.51417400E-07 6.32455532E+00
7.51612903E-07 6.16441400E+00
7.51808407E-07 6.85565460E+00
7.52003910E-07 6.40312424E+00
7.52199413E-07 6.63324958E+00
7.52394917E-07 6.40312424E+00
7.52590420E-07 6.92820323E+00
7.52785924E-07 7.21110255E+00
7.52981427E-07 6.78232998E+00
7.53176931E-07 6.78232998E+00
7.53372434E-07 7.34846923E+00
7.53567937E-07 7.14142843E+00
7.53763441E-07 7.34846923E+00
7.53958944E-07 7.48331477E+00
7.54154448E-07 7.48331477E+00
7.54349951E-07 7.74596669E+00
7.54545455E-07 8.00000000E+00
7.54740958E-07 7.68114575E+00
7.54936461E-07 8.24621125E+00
7.55131965E-07 7.93725393E+00
7.55327468E-07 8.18535277E+00
7.55522972E-07 8.42614977E+00
7.55718475E-07 8.30662386E+00
7.55913978E-07 8.54400375E+00
7.56109482E-07 8.36660027E+00
7.56304985E-07 8.54400375E+00
7.56500489E-07 8.54400375E+00
7.56695992E-07 8.66025404E+00
7.56891496E-07 8.60232527E+00
7.57086999E-07 8.71779789E+00
7.57282502E-07 8.88819442E+00
7.57478006E-07 9.21954446E+00
7.57673509E-07 9.27361850E+00
7.57869013E-07 9.05538514E+00
7.58064516E-07 9.11043358E+00
7.58260020E-07 9.27361850E+00
7.58455523E-07 9.53939201E+00
7.58651026E-07 9.48683298E+00
7.58846530E-07 9.59166305E+00
7.59042033E-07 9.69535971E+00
7.59237537E-07 1.00995049E+01
7.59433040E-07 1.00498756E+01
7.59628543E-07 1.00000000E+01
7.59824047E-07 1.00000000E+01
7.60019550E-07 1.00000000E+01
7.60215054E-07 1.02469508E+01
7.60410557E-07 1.02469508E+01
7.60606061E-07 1.02469508E+01
7.60801564E-07 1.06301458E+01
7.60997067E-07 1.06770783E+01
7.61192571E-07 1.08627805E+01
7.61388074E-07 1.10453610E+01
7.61583578E-07 1.10000000E+01
7.61779081E-07 1.14455231E+01
7.61974585E-07 1.14017543E+01
7.62170088E-07 1.15758369E+01
7.62365591E-07 1.17473401E+01
7.62561095E-07 1.20830460E+01
7.62756598E-07 1.20830460E+01
7.62952102E-07 1.22882057E+01
7.63147605E-07 1.23693169E+01
7.63343109E-07 1.25299641E+01
7.63538612E-07 1.26885775E+01
7.63734115E-07 1.28062485E+01
7.63929619E-07 1.31909060E+01
7.64125122E-07 1.34907376E+01
7.64320626E-07 1.34907376E+01
7.64516129E-07 1.37113092E+01
7.64711632E-07 1.38924440E+01
7.64907136E-07 1.40712473E+01
7.65102639E-07 1.40712473E+01
7.65298143E-07 1.45602198E+01
7.65493646E-07 1.45602198E+01
7.65689150E-07 1.50000000E+01
7.65884653E-07 1.50665192E+01
7.66080156E-07 1.52315462E+01
7.66275660E-07 1.54919334E+01
7.66471163E-07 1.57480157E+01
7.66666667E-07 1.59059737E+01
7.66862170E-07 1.61864141E+01
7.67057674E-07 1.63707055E+01
7.67253177E-07 1.65831240E+01
7.67448680E-07 1.68226038E+01
7.67644184E-07 1.71464282E+01
7.67839687E-07 1.75499288E+01
7.68035191E-07 1.77200451E+01
7.68230694E-07 1.79443584E+01
7.68426197E-07 1.83030052E+01
7.68621701E-07 1.84932420E+01
7.68817204E-07 1.87082869E+01
7.69012708E-07 1.88679623E+01
7.69208211E-07 1.92093727E+01
7.69403715E-07 1.93907194E+01
7.69599218E-07 1.94679223E+01
7.69794721E-07 1.97484177E+01
7.69990225E-07 1.98746069E+01
7.70185728E-07 2.00499377E+01
7.70381232E-07 2.03224014E+01
7.70576735E-07 2.04939015E+01
7.70772239E-07 2.05426386E+01
7.70967742E-07 2.07605395E+01
7.71163245E-07 2.09761770E+01
7.71358749E-07 2.11896201E+01
7.71554252E-07 2.14709106E+01
7.71749756E-07 2.17255610E+01
7.71945259E-07 2.18632111E+01
7.72140762E-07 2.20680765E+01
7.72336266E-07 2.22710575E+01
7.72531769E-07 2.24944438E+01
7.72727273E-07 2.28473193E+01
7.72922776E-07 2.30434372E+01
7.73118280E-07 2.33238076E+01
7.73313783E-07 2.35372046E+01
7.73509286E-07 2.38537209E+01
7.73704790E-07 2.41039416E+01
7.73900293E-07 2.43104916E+01
7.74095797E-07 2.45967478E+01
7.74291300E-07 2.49198716E+01
7.74486804E-07 2.52586619E+01
7.74682307E-07 2.55342907E+01
7.74877810E-07 2.58263431E+01
7.75073314E-07 2.60192237E+01
7.75268817E-07 2.64007576E+01
7.75464321E-07 2.67394839E+01
7.75659824E-07 2.70554985E+01
7.75855327E-07 2.74043792E+01
7.76050831E-07 2.76043475E+01
7.76246334E-07 2.80356915E+01
7.76441838E-07 2.83725219E+01
7.76637341E-07 2.86006993E+01
7.76832845E-07 2.90344623E+01
7.77028348E-07 2.92574777E+01
7.77223851E-07 2.96984848E+01
7.77419355E-07 3.00998339E+01
7.77614858E-07 3.04630924E+01
7.77810362E-07 3.08058436E+01
7.78005865E-07 3.10644491E+01
7.78201369E-07 3.14960315E+01
7.78396872E-07 3.18276609E+01
7.78592375E-07 3.21403174E+01
7.78787879E-07 3.25269119E+01
7.78983382E-07 3.30756708E+01
7.79178886E-07 3.31963853E+01
7.79374389E-07 3.36897611E+01
7.79569892E-07 3.40000000E+01
7.79765396E-07 3.44528664E+01
7.79960899E-07 3.48137904E+01
7.80156403E-07 3.52420204E+01
7.80351906E-07 3.54682957E+01
7.80547410E-07 3.59304884E+01
7.80742913E-07 3.64965752E+01
7.80938416E-07 3.68646172E+01
7.81133920E-07 3.70809924E+01
7.81329423E-07 3.76031914E+01
7.81524927E-07 3.80788655E+01
7.81720430E-07 3.83405790E+01
7.81915934E-07 3.88072158E+01
7.82111437E-07 3.92045916E+01
7.82306940E-07 3.96610640E+01
7.82502444E-07 4.01746189E+01
7.82697947E-07 4.06448029E+01
7.82893451E-07 4.09267639E+01
7.83088954E-07 4.14125585E+01
7.83284457E-07 4.20238028E+01
7.83479961E-07 4.24146201E+01
7.83675464E-07 4.27901858E+01
7.83870968E-07 4.33128157E+01
7.84066471E-07 4.37721373E+01
7.84261975E-07 4.41701257E+01
7.84457478E-07 4.46989933E+01
7.84652981E-07 4.50444225E+01
7.84848485E-07 4.55631430E+01
7.85043988E-07 4.62060602E+01
7.85239492E-07 4.65939910E+01
7.85434995E-07 4.70425339E+01
7.85630499E-07 4.76235236E+01
7.85826002E-07 4.81767579E+01
7.86021505E-07 4.85592422E+01
7.86217009E-07 4.91731634E+01
7.86412512E-07 4.96588361E+01
7.86608016E-07 5.01996016E+01
7.86803519E-07 5.08428953E+01
7.86999022E-07 5.12640225E+01
7.87194526E-07 5.16720427E+01
7.87390029E-07 5.24022900E+01
7.87585533E-07 5.29716906E+01
7.87781036E-07 5.33760246E+01
7.87976540E-07 5.40185153E+01
7.88172043E-07 5.47174561E+01
7.88367546E-07 5.50635996E+01
7.88563050E-07 5.57135531E+01
7.88758553E-07 5.62494444E+01
7.88954057E-07 5.66656863E+01
7.89149560E-07 5.74020906E+01
7.89345064E-07 5.80603135E+01
7.89540567E-07 5.84294446E+01
7.89736070E-07 5.90931468E+01
7.89931574E-07 5.97829407E+01
7.90127077E-07 6.01830541E+01
7.90322581E-07 6.08276253E+01
7.90518084E-07 6.14003257E+01
7.90713587E-07 6.19596643E+01
7.90909091E-07 6.26099034E+01
7.91104594E-07 6.32376470E+01
7.91300098E-07 6.36710295E+01
7.91495601E-07 6.44360148E+01
7.91691105E-07 6.50615094E+01
7.91886608E-07 6.54522727E+01
7.92082111E-07 6.60757141E+01
7.92277615E-07 6.68131724E+01
7.92473118E-07 6.72458177E+01
7.92668622E-07 6.78675180E+01
7.92864125E-07 6.84470598E+01
7.93059629E-07 6.89565080E+01
7.93255132E-07 6.95557330E+01
7.93450635E-07 7.02068373E+01
7.93646139E-07 7.05124103E+01
7.93841642E-07 7.12811335E+01
7.94037146E-07 7.19166184E+01
7.94232649E-07 7.22426467E+01
7.94428152E-07 7.29451849E+01
7.94623656E-07 7.35730929E+01
7.94819159E-07 7.38715101E+01
7.95014663E-07 7.44983221E+01
7.95210166E-07 7.49799973E+01
7.95405670E-07 7.54585979E+01
7.95601173E-07 7.60460387E+01
7.95796676E-07 7.64918296E+01
7.95992180E-07 7.67984375E+01
7.96187683E-07 7.74209274E+01
7.96383187E-07 7.79551153E+01
7.96578690E-07 7.82176451E+01
7.96774194E-07 7.88225856E+01
7.96969697E-07 7.93347339E+01
7.97165200E-07 7.95675813E+01
7.97360704E-07 8.01810451E+01
7.97556207E-07 8.04176598E+01
7.97751711E-07 8.08207894E+01
7.97947214E-07 8.14125297E+01
7.98142717E-07 8.15659243E+01
7.98338221E-07 8.19939022E+01
7.98533724E-07 8.24742384E+01
7.98729228E-07 8.26801064E+01
7.98924731E-07 8.30120473E+01
7.99120235E-07 8.33966426E+01
7.99315738E-07 8.36420947E+01
7.99511241E-07 8.38868285E+01
7.99706745E-07 8.42318230E+01
7.99902248E-07 8.43267455E+01
8.00097752E-07 8.46817572E+01
8.00293255E-07 8.49823511E+01
8.00488759E-07 8.49882345E+01
8.00684262E-07 8.52760224E+01
8.00879765E-07 8.55277733E+01
8.01075269E-07 8.55336191E+01
8.01270772E-07 8.57321410E+01
8.01466276E-07 8.57671266E+01
8.01661779E-07 8.59534758E+01
8.01857283E-07 8.60290649E+01
8.02052786E-07 8.60058138E+01
8.02248289E-07 8.61452262E+01
8.02443793E-07 8.62438404E+01
8.02639296E-07 8.61568337E+01
8.02834800E-07 8.62322445E+01
8.03030303E-07 8.62728231E+01
8.03225806E-07 8.62090482E+01
8.03421310E-07 8.62786184E+01
8.03616813E-07 8.62554346E+01
8.03812317E-07 8.61974478E+01
8.04007820E-07 8.61336171E+01
8.04203324E-07 8.59825564E+01
8.04398827E-07 8.59302042E+01
8.04594330E-07 8.58370549E+01
8.04789834E-07 8.56329376E+01
8.04985337E-07 8.56387763E+01
8.05180841E-07 8.53932082E+01
8.05376344E-07 8.52115016E+01
8.05571848E-07 8.51058165E+01
8.05767351E-07 8.48351342E+01
8.05962854E-07 8.46935653E+01
8.06158358E-07 8.44807670E+01
8.06353861E-07 8.41665017E+01
8.06549365E-07 8.40000000E+01
8.06744868E-07 8.38033412E+01
8.06940371E-07 8.34745470E+01
8.07135875E-07 8.32826513E+01
8.07331378E-07 8.30481788E+01
8.07526882E-07 8.26256619E+01
8.07722385E-07 8.24621125E+01
8.07917889E-07 8.20914125E+01
8.08113392E-07 8.17435013E+01
8.08308895E-07 8.16394512E+01
8.08504399E-07 8.10802072E+01
8.08699902E-07 8.08084154E+01
8.08895406E-07 8.05853585E+01
8.09090909E-07 8.00374912E+01
8.09286413E-07 7.97558775E+01
8.09481916E-07 7.94103268E+01
8.09677419E-07 7.89493509E+01
8.09872923E-07 7.86384130E+01
8.10068426E-07 7.82623792E+01
8.10263930E-07 7.77560287E+01
8.10459433E-07 7.76015464E+01
8.10654936E-07 7.69805170E+01
8.10850440E-07 7.65898166E+01
8.11045943E-07 7.62954782E+01
8.11241447E-07 7.56372924E+01
8.11436950E-07 7.53325959E+01
8.11632454E-07 7.49466477E+01
8.11827957E-07 7.44043010E+01
8.12023460E-07 7.40877858E+01
8.12218964E-07 7.36070649E+01
8.12414467E-07 7.31095069E+01
8.12609971E-07 7.27186359E+01
8.12805474E-07 7.21526160E+01
8.13000978E-07 7.17425954E+01
8.13196481E-07 7.13862732E+01
8.13391984E-07 7.07318881E+01
8.13587488E-07 7.04201676E+01
8.13782991E-07 6.99285349E+01
8.13978495E-07 6.94694177E+01
8.14173998E-07 6.90072460E+01
8.14369501E-07 6.85127725E+01
8.14565005E-07 6.80881781E+01
8.14760508E-07 6.76461381E+01
8.14956012E-07 6.70373030E+01
8.15151515E-07 6.67233093E+01
8.15347019E-07 6.62721661E+01
8.15542522E-07 6.56810475E+01
8.15738025E-07 6.54828222E+01
8.15933529E-07 6.49230314E+01
8.16129032E-07 6.43739078E+01
8.16324536E-07 6.40780774E+01
8.16520039E-07 6.35373906E+01
8.16715543E-07 6.32850693E+01
8.16911046E-07 6.28171951E+01
8.17106549E-07 6.22253967E+01
8.17302053E-07 6.20644826E+01
8.17497556E-07 6.14654374E+01
8.17693060E-07 6.09425959E+01
8.17888563E-07 6.07536007E+01
8.18084066E-07 6.02328814E+01
8.18279570E-07 5.97494770E+01
8.18475073E-07 5.94222181E+01
8.18670577E-07 5.89067059E+01
8.18866080E-07 5.85405842E+01
8.19061584E-07 5.80947502E+01
8.19257087E-07 5.77494589E+01
8.19452590E-07 5.73759532E+01
8.19648094E-07 5.69034270E+01
8.19843597E-07 5.65420198E+01
8.20039101E-07 5.61871872E+01
8.20234604E-07 5.56506963E+01
8.20430108E-07 5.54707130E+01
8.20625611E-07 5.50090902E+01
8.20821114E-07 5.46991773E+01
8.21016618E-07 5.43231074E+01
8.21212121E-07 5.37959106E+01
8.21407625E-07 5.35910440E+01
8.21603128E-07 5.30942558E+01
8.21798631E-07 5.27257053E+01
8.21994135E-07 5.25261839E+01
8.22189638E-07 5.20480547E+01
8.22385142E-07 5.16333226E+01
8.22580645E-07 5.13809303E+01
8.22776149E-07 5.08330601E+01
8.22971652E-07 5.06162029E+01
8.23167155E-07 5.02692749E+01
8.23362659E-07 4.99899990E+01
8.23558162E-07 4.96890330E+01
8.23753666E-07 4.93051721E+01
8.23949169E-07 4.90407993E+01
8.24144673E-07 4.87237109E+01
8.24340176E-07 4.82597140E+01
8.24535679E-07 4.80416486E+01
8.24731183E-07 4.76655012E+01
8.24926686E-07 4.73814310E+01
8.25122190E-07 4.70956474E+01
8.25317693E-07 4.67332858E+01
8.25513196E-07 4.64758002E+01
8.25708700E-07 4.61194102E+01
8.25904203E-07 4.58257569E+01
8.26099707E-07 4.55521679E+01
8.26295210E-07 4.51663592E+01
8.26490714E-07 4.49666543E+01
8.26686217E-07 4.46989933E+01
8.26881720E-07 4.43170396E+01
8.27077224E-07 4.41248229E+01
8.27272727E-07 4.37035468E+01
8.27468231E-07 4.33935479E+01
8.27663734E-07 4.32319326E+01
8.27859238E-07 4.28602380E+01
8.28054741E-07 4.27083130E+01
8.28250244E-07 4.22847490E+01
8.28445748E-07 4.21188794E+01
8.28641251E-07 4.19046537E+01
8.28836755E-07 4.14487636E+01
8.29032258E-07 4.12795349E+01
8.29227761E-07 4.10121933E+01
8.29423265E-07 4.06448029E+01
8.29618768E-07 4.05215992E+01
8.29814272E-07 4.01746189E+01
8.30009775E-07 3.99749922E+01
8.30205279E-07 3.96862697E+01
8.30400782E-07 3.94841740E+01
8.30596285E-07 3.92300905E+01
8.30791789E-07 3.89101529E+01
8.30987292E-07 3.87685439E+01
8.31182796E-07 3.85875628E+01
8.31378299E-07 3.82622529E+01
8.31573803E-07 3.80919939E+01
8.31769306E-07 3.77756535E+01
8.31964809E-07 3.74699880E+01
8.32160313E-07 3.73496988E+01
8.32355816E-07 3.70944740E+01
8.32551320E-07 3.68781778E+01
8.32746823E-07 3.66606056E+01
8.32942326E-07 3.65102725E+01
8.33137830E-07 3.62215406E+01
8.33333333E-07 3.59583092E+01
8.33528837E-07 3.59026461E+01
8.33724340E-07 3.55949435E+01
8.33919844E-07 3.54118624E+01
8.34115347E-07 3.52845575E+01
8.34310850E-07 3.49428104E+01
8.34506354E-07 3.47850543E+01
8.34701857E-07 3.44963766E+01
8.34897361E-07 3.43947670E+01
8.35092864E-07 3.41760150E+01
8.35288368E-07 3.39263909E+01
8.35483871E-07 3.38526218E+01
8.35679374E-07 3.35857112E+01
8.35874878E-07 3.33766385E+01
8.36070381E-07 3.32114438E+01
8.36265885E-07 3.28785644E+01
8.36461388E-07 3.28024389E+01
8.36656891E-07 3.26036808E+01
8.36852395E-07 3.24499615E+01
8.37047898E-07 3.22490310E+01
8.37243402E-07 3.20000000E+01
8.37438905E-07 3.19061123E+01
8.37634409E-07 3.17175031E+01
8.37829912E-07 3.14801525E+01
8.38025415E-07 3.13687743E+01
8.38220919E-07 3.11126984E+01
8.38416422E-07 3.10805405E+01
8.38611926E-07 3.07896086E+01
8.38807429E-07 3.05286750E+01
8.39002933E-07 3.04630924E+01
8.39198436E-07 3.02654919E+01
8.39393939E-07 3.01330383E+01
8.39589443E-07 2.99499583E+01
8.39784946E-07 2.97993289E+01
8.39980450E-07 2.96984848E+01
8.40175953E-07 2.94448637E+01
8.40371457E-07 2.93257566E+01
8.40566960E-07 2.90688837E+01
8.40762463E-07 2.89827535E+01
8.40957967E-07 2.87923601E+01
8.41153470E-07 2.87228132E+01
8.41348974E-07 2.84956137E+01
8.41544477E-07 2.83019434E+01
8.41739980E-07 2.81957444E+01
8.41935484E-07 2.80535203E+01
8.42130987E-07 2.78567766E+01
8.42326491E-07 2.77308492E+01
8.42521994E-07 2.74772633E+01
8.42717498E-07 2.73861279E+01
8.42913001E-07 2.72029410E+01
8.43108504E-07 2.69814751E+01
8.43304008E-07 2.69072481E+01
8.43499511E-07 2.67207784E+01
8.43695015E-07 2.66082694E+01
8.43890518E-07 2.64764046E+01
8.44086022E-07 2.63058929E+01
8.44281525E-07 2.61916017E+01
8.44477028E-07 2.59615100E+01
8.44672532E-07 2.59615100E+01
8.44868035E-07 2.56515107E+01
8.45063539E-07 2.56124969E+01
8.45259042E-07 2.53968502E+01
8.45454545E-07 2.52388589E+01
8.45650049E-07 2.51594913E+01
8.45845552E-07 2.49198716E+01
8.46041056E-07 2.48193473E+01
8.46236559E-07 2.46373700E+01
8.46432063E-07 2.44335834E+01
8.46627566E-07 2.43926218E+01
8.46823069E-07 2.41867732E+01
8.47018573E-07 2.40831892E+01
8.47214076E-07 2.38956063E+01
8.47409580E-07 2.37276210E+01
8.47605083E-07 2.35796522E+01
8.47800587E-07 2.34946802E+01
8.47996090E-07 2.33880311E+01
8.48191593E-07 2.30651252E+01
8.48387097E-07 2.29564806E+01
8.48582600E-07 2.28035085E+01
8.48778104E-07 2.26936114E+01
8.48973607E-07 2.26053091E+01
8.49169110E-07 2.24053565E+01
8.49364614E-07 2.23606798E+01
8.49560117E-07 2.21585198E+01
8.49755621E-07 2.21359436E+01
8.49951124E-07 2.18860686E+01
8.50146628E-07 2.17255610E+01
8.50342131E-07 2.15638587E+01
8.50537634E-07 2.14476106E+01
8.50733138E-07 2.13541565E+01
8.50928641E-07 2.12602916E+01
8.51124145E-07 2.08326667E+01
8.51319648E-07 2.07364414E+01
8.51515152E-07 2.06155281E+01
8.51710655E-07 2.04205779E+01
8.51906158E-07 2.02977831E+01
8.52101662E-07 2.02731349E+01
8.52297165E-07 1.98997487E+01
8.52492669E-07 1.98746069E+01
8.52688172E-07 1.95959179E+01
8.52883675E-07 1.94679223E+01
8.53079179E-07 1.93132079E+01
8.53274682E-07 1.91049732E+01
8.53470186E-07 1.89208879E+01
8.53665689E-07 1.87349940E+01
8.53861193E-07 1.85472370E+01
8.54056696E-07 1.83575598E+01
8.54252199E-07 1.81107703E+01
8.54447703E-07 1.79164729E+01
8.54643206E-07 1.76635217E+01
8.54838710E-07 1.75214155E+01
8.55034213E-07 1.71172428E+01
8.55229717E-07 1.69115345E+01
8.55425220E-07 1.65831240E+01
8.55620723E-07 1.62172747E+01
8.55816227E-07 1.59687194E+01
8.56011730E-07 1.56843871E+01
8.56207234E-07 1.54272486E+01
8.56402737E-07 1.50996689E+01
8.56598240E-07 1.46287388E+01
8.56793744E-07 1.39642400E+01
8.56989247E-07 1.36747943E+01
8.57184751E-07 1.32664992E+01
8.57380254E-07 1.28062485E+01
8.57575758E-07 1.20830460E+01
8.57771261E-07 1.14891253E+01
8.57966764E-07 1.12249722E+01
8.58162268E-07 1.05830052E+01
8.58357771E-07 1.00995049E+01
8.58553275E-07 9.74679434E+00
8.58748778E-07 9.05538514E+00
8.58944282E-07 8.71779789E+00
8.59139785E-07 8.24621125E+00
8.59335288E-07 8.06225775E+00
8.59530792E-07 7.74596669E+00
8.59726295E-07 7.54983444E+00
8.59921799E-07 7.74596669E+00
8.60117302E-07 8.12403840E+00
8.60312805E-07 8.12403840E+00
8.60508309E-07 8.36660027E+00
8.60703812E-07 8.48528137E+00
8.60899316E-07 8.48528137E+00
8.61094819E-07 9.16515139E+00
8.61290323E-07 9.00000000E+00
8.61485826E-07 9.48683298E+00
8.61681329E-07 9.48683298E+00
8.61876833E-07 9.79795897E+00
8.62072336E-07 1.00000000E+01
8.62267840E-07 1.01980390E+01
8.62463343E-07 1.02469508E+01
8.62658847E-07 1.04403065E+01
8.62854350E-07 1.04880885E+01
8.63049853E-07 1.06770783E+01
8.63245357E-07 1.06770783E+01
8.63440860E-07 1.05830052E+01
8.63636364E-07 1.07703296E+01
8.63831867E-07 1.05356538E+01
8.64027370E-07 1.05830052E+01
8.64222874E-07 1.07703296E+01
8.64418377E-07 1.05830052E+01
8.64613881E-07 1.08166538E+01
8.64809384E-07 1.08166538E+01
8.65004888E-07 1.09544512E+01
8.65200391E-07 1.09544512E+01
8.65395894E-07 1.07238053E+01
8.65591398E-07 1.06301458E+01
8.65786901E-07 1.08166538E+01
8.65982405E-07 1.06770783E+01
8.66177908E-07 1.06770783E+01
8.66373412E-07 1.05830052E+01
8.66568915E-07 1.07238053E+01
8.66764418E-07 1.06301458E+01
8.66959922E-07 1.05830052E+01
8.67155425E-07 1.04880885E+01
8.67350929E-07 1.04403065E+01
8.67546432E-07 1.04880885E+01
8.67741935E-07 1.04880885E+01
8.67937439E-07 1.03440804E+01
8.68132942E-07 1.02956301E+01
8.68328446E-07 1.01980390E+01
8.68523949E-07 1.02469508E+01
8.68719453E-07 1.01980390E+01
8.68914956E-07 9.84885780E+00
8.69110459E-07 9.79795897E+00
8.69305963E-07 9.89949494E+00
8.69501466E-07 9.84885780E+00
8.69696970E-07 9.79795897E+00
8.69892473E-07 9.59166305E+00
8.70087977E-07 9.43398113E+00
8.70283480E-07 9.53939201E+00
8.70478983E-07 9.84885780E+00
8.70674487E-07 9.53939201E+00
8.70869990E-07 9.48683298E+00
8.71065494E-07 9.27361850E+00
8.71260997E-07 9.27361850E+00
8.71456500E-07 9.27361850E+00
8.71652004E-07 9.16515139E+00
8.71847507E-07 9.11043358E+00
8.72043011E-07 8.94427191E+00
8.72238514E-07 8.83176087E+00
8.72434018E-07 8.94427191E+00
8.72629521E-07 8.77496439E+00
8.72825024E-07 8.71779789E+00
8.73020528E-07 8.71779789E+00
8.73216031E-07 8.60232527E+00
8.73411535E-07 8.60232527E+00
8.73607038E-07 8.71779789E+00
8.73802542E-07 8.54400375E+00
8.73998045E-07 8.36660027E+00
8.74193548E-07 8.30662386E+00
8.74389052E-07 8.00000000E+00
8.74584555E-07 8.24621125E+00
8.74780059E-07 8.00000000E+00
8.74975562E-07 8.00000000E+00
8.75171065E-07 8.00000000E+00
8.75366569E-07 7.74596669E+00
8.75562072E-07 7.74596669E+00
8.75757576E-07 7.68114575E+00
8.75953079E-07 7.54983444E+00
8.76148583E-07 7.61577311E+00
8.76344086E-07 7.14142843E+00
8.76539589E-07 7.34846923E+00
8.76735093E-07 7.07106781E+00
8.76930596E-07 7.00000000E+00
8.77126100E-07 6.85565460E+00
8.77321603E-07 6.70820393E+00
8.77517107E-07 6.55743852E+00
8.77712610E-07 6.55743852E+00
8.77908113E-07 6.55743852E+00
8.78103617E-07 6.32455532E+00
8.78299120E-07 6.24499800E+00
8.78494624E-07 6.08276253E+00
8.78690127E-07 6.00000000E+00
8.78885630E-07 6.24499800E+00
8.79081134E-07 6.08276253E+00
8.79276637E-07 5.56776436E+00
8.79472141E-07 6.16441400E+00
8.79667644E-07 5.74456265E+00
8.79863148E-07 5.56776436E+00
8.80058651E-07 5.91607978E+00
8.80254154E-07 5.38516481E+00
8.80449658E-07 5.47722558E+00
8.80645161E-07 5.83095189E+00
8.80840665E-07 5.91607978E+00
8.81036168E-07 5.47722558E+00
8.81231672E-07 5.47722558E+00
8.81427175E-07 5.38516481E+00
8.81622678E-07 5.19615242E+00
8.81818182E-07 5.47722558E+00
8.82013685E-07 5.56776436E+00
8.82209189E-07 5.00000000E+00
8.82404692E-07 5.29150262E+00
8.82600196E-07 5.19615242E+00
8.82795699E-07 4.89897949E+00
8.82991202E-07 4.79583152E+00
8.83186706E-07 5.19615242E+00
8.83382209E-07 5.00000000E+00
8.83577713E-07 4.58257569E+00
8.83773216E-07 4.58257569E+00
8.83968719E-07 4.12310563E+00
8.84164223E-07 4.69041576E+00
8.84359726E-07 4.69041576E+00
8.84555230E-07 4.47213595E+00
8.84750733E-07 4.58257569E+00
8.84946237E-07 4.47213595E+00
8.85141740E-07 4.00000000E+00
8.85337243E-07 4.00000000E+00
8.85532747E-07 4.47213595E+00
8.85728250E-07 4.00000000E+00
8.85923754E-07 3.87298335E+00
8.86119257E-07 3.87298335E+00
8.86314761E-07 3.31662479E+00
8.86510264E-07 4.00000000E+00
8.86705767E-07 3.46410162E+00
8.86901271E-07 3.74165739E+00
8.87096774E-07 4.00000000E+00
8.87292278E-07 4.00000000E+00
8.87487781E-07 4.00000000E+00
8.87683284E-07 3.31662479E+00
8.87878788E-07 3.87298335E+00
8.88074291E-07 3.46410162E+00
8.88269795E-07 3.60555128E+00
8.88465298E-07 3.74165739E+00
8.88660802E-07 3.31662479E+00
8.88856305E-07 3.46410162E+00
8.89051808E-07 3.46410162E+00
8.89247312E-07 3.16227766E+00
8.89442815E-07 4.00000000E+00
8.89638319E-07 3.60555128E+00
8.89833822E-07 3.00000000E+00
8.90029326E-07 3.46410162E+00
8.90224829E-07 2.82842712E+00
8.90420332E-07 3.74165739E+00
8.90615836E-07 3.00000000E+00
8.90811339E-07 3.46410162E+00
8.91006843E-07 3.46410162E+00
8.91202346E-07 3.31662479E+00
8.91397849E-07 3.31662479E+00
8.91593353E-07 3.60555128E+00
8.91788856E-07 3.31662479E+00
8.91984360E-07 3.16227766E+00
8.92179863E-07 3.60555128E+00
8.92375367E-07 3.16227766E+00
8.92570870E-07 3.00000000E+00
8.92766373E-07 2.44948974E+00
8.92961877E-07 3.46410162E+00
8.93157380E-07 3.46410162E+00
8.93352884E-07 3.16227766E+00
8.93548387E-07 3.31662479E+00
8.93743891E-07 3.16227766E+00
8.93939394E-07 3.46410162E+00
8.94134897E-07 2.44948974E+00
8.94330401E-07 3.16227766E+00
8.94525904E-07 3.31662479E+00
8.94721408E-07 3.74165739E+00
8.94916911E-07 3.46410162E+00
8.95112414E-07 3.16227766E+00
8.95307918E-07 3.16227766E+00
8.95503421E-07 2.82842712E+00
8.95698925E-07 2.82842712E+00
8.95894428E-07 3.00000000E+00
8.96089932E-07 2.82842712E+00
8.96285435E-07 3.60555128E+00
8.96480938E-07 3.00000000E+00
8.96676442E-07 3.00000000E+00
8.96871945E-07 3.31662479E+00
8.97067449E-07 3.60555128E+00
8.97262952E-07 4.00000000E+00
8.97458456E-07 3.16227766E+00
8.97653959E-07 3.60555128E+00
8.97849462E-07 3.16227766E+00
8.98044966E-07 2.64575131E+00
8.98240469E-07 3.74165739E+00
8.98435973E-07 2.82842712E+00
8.98631476E-07 3.46410162E+00
8.98826979E-07 3.31662479E+00
8.99022483E-07 3.46410162E+00
8.99217986E-07 3.16227766E+00
8.99413490E-07 3.46410162E+00
8.99608993E-07 3.46410162E+00
8.99804497E-07 3.31662479E+00
9.00000000E-07 3.16227766E+00
