  wavelength    amplitude        phase
1.01079557E+03 3.39378850E-17 -2.64077187E+01
1.01095913E+03 3.05662305E-17 -2.64077187E+01
1.01112274E+03 1.33686981E-17 -2.64077187E+01
1.01128641E+03 6.44614631E-18 -2.64077187E+01
1.01145013E+03 1.69810648E-17 -2.64077187E+01
1.01161390E+03 4.81065181E-17 -2.64077187E+01
1.01177773E+03 1.20161003E-16 -2.64077187E+01
1.01194160E+03 1.45754788E-16 -2.64077187E+01
1.01210553E+03 4.37929188E-18 -2.64077187E+01
1.01226952E+03 5.32631399E-17 -2.64077187E+01
1.01243356E+03 2.37753425E-16 -2.64077187E+01
1.01259765E+03 1.56664711E-16 -2.64077187E+01
1.01276179E+03 1.20810245E-17 -2.64077187E+01
1.01292599E+03 6.77418834E-17 -2.64077187E+01
1.01309024E+03 2.43922598E-16 -2.64077187E+01
1.01325454E+03 2.03868633E-16 -2.64077187E+01
1.01341890E+03 4.53924933E-17 -2.64077187E+01
1.01358331E+03 7.17537415E-17 -2.64077187E+01
1.01374777E+03 2.63027026E-16 -2.64077187E+01
1.01391229E+03 2.27327806E-16 -2.64077187E+01
1.01407686E+03 3.16283809E-16 -2.64077187E+01
1.01424148E+03 5.88346146E-17 -2.64077187E+01
1.01440616E+03 1.94630609E-16 -2.64077187E+01
1.01457089E+03 2.42525053E-16 -2.64077187E+01
1.01473567E+03 1.20662820E-16 -2.64077187E+01
1.01490051E+03 1.36295900E-18 -2.64077187E+01
1.01506540E+03 2.18782348E-16 -2.64077187E+01
1.01523035E+03 7.41700606E-16 -2.64077187E+01
1.01539534E+03 4.21691370E-16 -2.64077187E+01
1.01556040E+03 6.20754985E-17 -2.64077187E+01
1.01572550E+03 6.66660350E-17 -2.64077187E+01
1.01589066E+03 5.90461189E-16 -2.64077187E+01
1.01605587E+03 1.01114951E-15 -2.64077187E+01
1.01622114E+03 8.06512733E-16 -2.64077187E+01
1.01638646E+03 7.34909994E-16 -2.64077187E+01
1.01655184E+03 1.75673518E-16 -2.64077187E+01
1.01671726E+03 1.58661095E-16 -2.64077187E+01
1.01688275E+03 8.88416779E-16 -2.64077187E+01
1.01704828E+03 2.09601639E-15 -2.64077187E+01
1.01721387E+03 2.48357689E-15 -2.64077187E+01
1.01737952E+03 1.03887437E-15 -2.64077187E+01
1.01754521E+03 5.36117255E-17 -2.64077187E+01
1.01771096E+03 1.20231016E-15 -2.64077187E+01
1.01787677E+03 3.81120850E-15 -2.64077187E+01
1.01804263E+03 4.88435038E-15 -2.64077187E+01
1.01820854E+03 2.97131067E-15 -2.64077187E+01
1.01837451E+03 2.24790009E-15 -2.64077187E+01
1.01854053E+03 5.23392329E-15 -2.64077187E+01
1.01870661E+03 9.43733752E-15 -2.64077187E+01
1.01887274E+03 1.09594444E-14 -2.64077187E+01
1.01903893E+03 7.50278637E-15 -2.64077187E+01
1.01920516E+03 2.92164556E-15 -2.64077187E+01
1.01937146E+03 4.37247131E-15 -2.64077187E+01
1.01953780E+03 1.67738587E-14 -2.64077187E+01
1.01970421E+03 4.59730918E-14 -2.64077187E+01
1.01987066E+03 1.05901419E-13 -2.64077187E+01
1.02003717E+03 2.23529839E-13 -2.64077187E+01
1.02020374E+03 4.30570928E-13 -2.49518763E+01
1.02037036E+03 7.41115621E-13 -2.35537312E+01
1.02053703E+03 1.17547927E-12 -2.22189038E+01
1.02070376E+03 1.74132393E-12 -2.09338822E+01
1.02087054E+03 2.50399122E-12 -1.96974492E+01
1.02103738E+03 3.72249807E-12 -1.84832303E+01
1.02120427E+03 5.55161850E-12 -1.72725980E+01
1.02137121E+03 8.38332683E-12 -1.60458850E+01
1.02153821E+03 1.27831629E-11 -1.47982874E+01
1.02170527E+03 1.90746499E-11 -1.35279832E+01
1.02187238E+03 2.78492331E-11 -1.22594934E+01
1.02203954E+03 3.94968040E-11 -1.09948689E+01
1.02220676E+03 5.31328160E-11 -9.75286043E+00
1.02237404E+03 6.91538916E-11 -8.53574259E+00
1.02254137E+03 8.52018813E-11 -7.33199599E+00
1.02270875E+03 9.91480662E-11 -6.15474615E+00
1.02287619E+03 1.12086691E-10 -4.99706572E+00
1.02304368E+03 1.21191159E-10 -3.85898426E+00
1.02321123E+03 1.28219609E-10 -2.74859554E+00
1.02337883E+03 1.34528922E-10 -1.64483497E+00
1.02354649E+03 1.39154436E-10 -5.59569629E-01
1.02371420E+03 1.47151826E-10 +4.98479913E-01
1.02388197E+03 1.55704091E-10 +1.54919705E+00
1.02404979E+03 1.66165643E-10 +2.56993677E+00
1.02421767E+03 1.85860011E-10 +3.55714147E+00
1.02438560E+03 2.04386452E-10 +4.52759456E+00
1.02455359E+03 2.25272667E-10 +5.46229826E+00
1.02472163E+03 2.56784710E-10 +6.36121720E+00
1.02488973E+03 2.82530534E-10 +7.22507310E+00
1.02505789E+03 3.16097286E-10 +8.06227222E+00
1.02522609E+03 3.61716884E-10 +8.89275414E+00
1.02539436E+03 3.91730558E-10 +9.68271725E+00
1.02556268E+03 4.23430402E-10 +1.04434150E+01
1.02573105E+03 4.63137297E-10 +1.11769625E+01
1.02589948E+03 5.00181913E-10 +1.19084602E+01
1.02606797E+03 5.25695780E-10 +1.25930301E+01
1.02623651E+03 5.44383528E-10 +1.32510600E+01
1.02640510E+03 5.47161229E-10 +1.38984103E+01
1.02657375E+03 5.61679099E-10 +1.45002097E+01
1.02674246E+03 5.72742757E-10 +1.50769932E+01
1.02691122E+03 5.56488687E-10 +1.56384854E+01
1.02708004E+03 5.57524084E-10 +1.61715644E+01
1.02724891E+03 5.53336560E-10 +1.66777962E+01
1.02741784E+03 5.29988623E-10 +1.71462999E+01
1.02758682E+03 5.32687284E-10 +1.75972660E+01
1.02775586E+03 5.27273583E-10 +1.80352037E+01
1.02792496E+03 5.11509214E-10 +1.84514674E+01
1.02809411E+03 4.94480313E-10 +1.88249827E+01
1.02826331E+03 5.06212798E-10 +1.91986672E+01
1.02843258E+03 5.19278418E-10 +1.95663421E+01
1.02860189E+03 5.20338590E-10 +1.99023441E+01
1.02877127E+03 5.26627317E-10 +2.02260999E+01
1.02894070E+03 5.45296308E-10 +2.05321168E+01
1.02911018E+03 5.67394471E-10 +2.08218418E+01
1.02927972E+03 5.74605084E-10 +2.11120652E+01
1.02944932E+03 5.75868356E-10 +2.13856167E+01
1.02961897E+03 5.86803210E-10 +2.16362953E+01
1.02978868E+03 6.01585141E-10 +2.18705536E+01
1.02995845E+03 6.13779877E-10 +2.20836633E+01
1.03012827E+03 6.16734777E-10 +2.22835593E+01
1.03029815E+03 6.08831387E-10 +2.24758711E+01
1.03046808E+03 6.05811599E-10 +2.26446816E+01
1.03063807E+03 6.17351651E-10 +2.27832311E+01
1.03080811E+03 6.31030043E-10 +2.29092745E+01
1.03097821E+03 6.49589074E-10 +2.30241673E+01
1.03114837E+03 6.58980595E-10 +2.31284711E+01
1.03131858E+03 6.70119730E-10 +2.32105237E+01
1.03148885E+03 6.71945290E-10 +2.32821040E+01
1.03165918E+03 6.92945562E-10 +2.33314247E+01
1.03182956E+03 7.05503758E-10 +2.33685729E+01
1.03200000E+03 6.90854417E-10 +2.34035690E+01
1.03217049E+03 7.02846868E-10 +2.34074910E+01
1.03234105E+03 7.17297363E-10 +2.33964831E+01
1.03251165E+03 7.03839769E-10 +2.33889710E+01
1.03268232E+03 7.05600303E-10 +2.33438432E+01
1.03285304E+03 7.09596787E-10 +2.32821951E+01
1.03302381E+03 7.18708938E-10 +2.32052317E+01
1.03319465E+03 7.16216908E-10 +2.31344841E+01
1.03336554E+03 7.17898475E-10 +2.30140323E+01
1.03353648E+03 7.13874703E-10 +2.28757958E+01
1.03370749E+03 7.12743718E-10 +2.27541612E+01
1.03387855E+03 6.99969362E-10 +2.25913297E+01
1.03404966E+03 6.75437331E-10 +2.24097849E+01
1.03422083E+03 6.53204106E-10 +2.22122161E+01
1.03439206E+03 6.72164746E-10 +2.20242446E+01
1.03456335E+03 6.72624878E-10 +2.18028293E+01
1.03473469E+03 6.57691245E-10 +2.15635443E+01
1.03490609E+03 6.64249942E-10 +2.13080526E+01
1.03507755E+03 6.45281243E-10 +2.10297463E+01
1.03524906E+03 6.40701623E-10 +2.07449137E+01
1.03542063E+03 6.33371583E-10 +2.04520841E+01
1.03559226E+03 6.34525823E-10 +2.01264433E+01
1.03576394E+03 6.10107622E-10 +1.97920356E+01
1.03593568E+03 5.98792880E-10 +1.94412981E+01
1.03610748E+03 5.91455387E-10 +1.90812786E+01
1.03627934E+03 5.70388458E-10 +1.86912864E+01
1.03645125E+03 5.50399840E-10 +1.83061468E+01
1.03662322E+03 5.45977546E-10 +1.79021851E+01
1.03679524E+03 5.38356671E-10 +1.74748558E+01
1.03696733E+03 5.51842899E-10 +1.70384374E+01
1.03713947E+03 5.66444194E-10 +1.65727928E+01
1.03731166E+03 5.86105065E-10 +1.60741484E+01
1.03748392E+03 6.00125298E-10 +1.55547075E+01
1.03765623E+03 6.19356305E-10 +1.49940508E+01
1.03782860E+03 6.21474147E-10 +1.43998857E+01
1.03800102E+03 6.10487239E-10 +1.37850944E+01
1.03817351E+03 5.77903323E-10 +1.31349643E+01
1.03834605E+03 5.21781939E-10 +1.24646799E+01
1.03851865E+03 4.45527345E-10 +1.17758838E+01
1.03869130E+03 3.67188209E-10 +1.10694296E+01
1.03886401E+03 2.82287479E-10 +1.03509403E+01
1.03903679E+03 2.06011396E-10 +9.62911880E+00
1.03920961E+03 1.41646965E-10 +8.91391711E+00
1.03938250E+03 9.12615986E-11 +8.20415034E+00
1.03955544E+03 5.70140736E-11 +7.54045220E+00
1.03972844E+03 3.68126287E-11 +6.91695743E+00
1.03990150E+03 2.69893830E-11 +6.29422530E+00
1.04007462E+03 2.22231896E-11 +5.64605475E+00
1.04024779E+03 1.93023376E-11 +4.89300109E+00
1.04042102E+03 1.52097225E-11 +4.03815077E+00
1.04059431E+03 1.07751093E-11 +3.10485215E+00
1.04076766E+03 6.04625976E-12 +2.10523412E+00
1.04094106E+03 2.50332502E-12 +1.06016777E+00
1.04111452E+03 6.41924043E-13 -6.00528307E-03
1.04128804E+03 3.62490273E-14 -6.59203024E-01
1.04146162E+03 5.22191169E-14 -6.59203024E-01
1.04163526E+03 1.50256557E-13 -6.59203024E-01
1.04180895E+03 1.49504400E-13 -1.64961260E+00
1.04198270E+03 7.58255840E-14 +2.81627928E+00
1.04215651E+03 8.73634611E-14 +2.81627928E+00
1.04233038E+03 1.40915878E-13 +2.81627928E+00
1.04250430E+03 1.51779419E-13 +1.85865194E+00
1.04267829E+03 1.15077324E-13 +8.54483822E-01
1.04285233E+03 6.87620291E-14 -0.00000000E+00
1.04302643E+03 3.85894654E-14 -0.00000000E+00
1.04320058E+03 1.97471779E-14 -0.00000000E+00
1.04337480E+03 6.38137652E-15 -0.00000000E+00
1.04354908E+03 3.35923135E-16 -0.00000000E+00
1.04372341E+03 4.30125109E-15 -0.00000000E+00
1.04389780E+03 1.83289629E-14 -0.00000000E+00
1.04407225E+03 3.39087996E-14 -0.00000000E+00
1.04424675E+03 3.96235617E-14 -0.00000000E+00
1.04442132E+03 3.12652590E-14 -0.00000000E+00
1.04459594E+03 1.60437907E-14 -0.00000000E+00
1.04477063E+03 3.09267010E-15 -0.00000000E+00
1.04494537E+03 1.21849604E-15 -0.00000000E+00
1.04512017E+03 8.70147620E-15 -0.00000000E+00
1.04529502E+03 1.62703615E-14 -0.00000000E+00
1.04546994E+03 1.62753067E-14 -0.00000000E+00
1.04564492E+03 9.62814175E-15 -0.00000000E+00
1.04581995E+03 2.38351600E-15 -0.00000000E+00
1.04599504E+03 2.42292801E-16 -0.00000000E+00
1.04617019E+03 3.13046834E-15 -0.00000000E+00
1.04634540E+03 6.11190163E-15 -0.00000000E+00
1.04652067E+03 3.92569812E-15 -0.00000000E+00
1.04669600E+03 1.20012624E-15 -0.00000000E+00
1.04687138E+03 9.73618502E-16 -0.00000000E+00
1.04704683E+03 1.86226898E-15 -0.00000000E+00
1.04722233E+03 4.08574513E-15 -0.00000000E+00
1.04739789E+03 1.86602383E-15 -0.00000000E+00
1.04757351E+03 5.73006892E-16 -0.00000000E+00
1.04774919E+03 9.89705923E-16 -0.00000000E+00
1.04792493E+03 1.36690689E-15 -0.00000000E+00
1.04810073E+03 1.86147461E-15 -0.00000000E+00
1.04827658E+03 7.33730421E-16 -0.00000000E+00
1.04845250E+03 8.26538926E-16 -0.00000000E+00
1.04862847E+03 6.84398478E-16 -0.00000000E+00
1.04880451E+03 8.50976041E-16 -0.00000000E+00
1.04898060E+03 6.74963492E-16 -0.00000000E+00
1.04915675E+03 2.23368536E-16 -0.00000000E+00
1.04933296E+03 3.38418876E-17 -0.00000000E+00
1.04950923E+03 2.95639378E-16 -0.00000000E+00
1.04968556E+03 1.84872546E-16 -0.00000000E+00
1.04986195E+03 3.09069294E-16 -0.00000000E+00
1.05003840E+03 1.87905308E-17 -0.00000000E+00
1.05021491E+03 7.70424929E-17 -0.00000000E+00
1.05039148E+03 6.01233963E-17 -0.00000000E+00
1.05056810E+03 6.52529969E-16 -0.00000000E+00
1.05074479E+03 1.54995455E-15 -0.00000000E+00
1.05092153E+03 2.44311862E-16 -0.00000000E+00
1.05109834E+03 1.31660372E-16 -0.00000000E+00
1.05127520E+03 3.77372717E-16 -0.00000000E+00
1.05145212E+03 3.84625119E-16 -0.00000000E+00
1.05162911E+03 3.91417958E-16 -0.00000000E+00
1.05180615E+03 3.54575061E-16 -0.00000000E+00
1.05198325E+03 4.21163872E-16 -0.00000000E+00
1.05216042E+03 4.17995012E-16 -0.00000000E+00
1.05233764E+03 2.83553505E-16 -0.00000000E+00
1.05251492E+03 2.08407641E-16 -0.00000000E+00
1.05269226E+03 2.45713620E-16 -0.00000000E+00
1.05286966E+03 2.99563254E-16 -0.00000000E+00
1.05304712E+03 4.20504987E-16 -0.00000000E+00
1.05322464E+03 6.26849045E-16 -0.00000000E+00
1.05340222E+03 8.43090178E-16 -0.00000000E+00
1.05357986E+03 1.06396364E-15 -0.00000000E+00
1.05375756E+03 1.29694845E-15 -0.00000000E+00
1.05393532E+03 1.40117553E-15 -0.00000000E+00
1.05411314E+03 1.34609783E-15 -0.00000000E+00
1.05429102E+03 1.35231969E-15 -0.00000000E+00
