  wavelength    amplitude        phase
1.01079557E+03 5.82562314E-09 +2.64077187E+01
1.01095913E+03 5.52867348E-09 +2.64077187E+01
1.01112274E+03 3.65632303E-09 +2.64077187E+01
1.01128641E+03 2.53892621E-09 +2.64077187E+01
1.01145013E+03 4.12080876E-09 +2.64077187E+01
1.01161390E+03 6.93588625E-09 +2.64077187E+01
1.01177773E+03 1.09617974E-08 +2.64077187E+01
1.01194160E+03 1.20728948E-08 +2.64077187E+01
1.01210553E+03 2.09267577E-09 +2.64077187E+01
1.01226952E+03 7.29816004E-09 +2.64077187E+01
1.01243356E+03 1.54192550E-08 +2.64077187E+01
1.01259765E+03 1.25165775E-08 +2.64077187E+01
1.01276179E+03 3.47577682E-09 +2.64077187E+01
1.01292599E+03 8.23054576E-09 +2.64077187E+01
1.01309024E+03 1.56180216E-08 +2.64077187E+01
1.01325454E+03 1.42782573E-08 +2.64077187E+01
1.01341890E+03 6.73739514E-09 +2.64077187E+01
1.01358331E+03 8.47075802E-09 +2.64077187E+01
1.01374777E+03 1.62181080E-08 +2.64077187E+01
1.01391229E+03 1.50773939E-08 +2.64077187E+01
1.01407686E+03 1.77843698E-08 +2.64077187E+01
1.01424148E+03 7.67037252E-09 +2.64077187E+01
1.01440616E+03 1.39510075E-08 +2.64077187E+01
1.01457089E+03 1.55732159E-08 +2.64077187E+01
1.01473567E+03 1.09846630E-08 +2.64077187E+01
1.01490051E+03 1.16745835E-09 +2.64077187E+01
1.01506540E+03 1.47912930E-08 +2.64077187E+01
1.01523035E+03 2.72341808E-08 +2.64077187E+01
1.01539534E+03 2.05351253E-08 +2.64077187E+01
1.01556040E+03 7.87880058E-09 +2.64077187E+01
1.01572550E+03 8.16492713E-09 +2.64077187E+01
1.01589066E+03 2.42994072E-08 +2.64077187E+01
1.01605587E+03 3.17985771E-08 +2.64077187E+01
1.01622114E+03 2.83991678E-08 +2.64077187E+01
1.01638646E+03 2.71092234E-08 +2.64077187E+01
1.01655184E+03 1.32541887E-08 +2.64077187E+01
1.01671726E+03 1.25960746E-08 +2.64077187E+01
1.01688275E+03 2.98063211E-08 +2.64077187E+01
1.01704828E+03 4.57822716E-08 +2.64077187E+01
1.01721387E+03 4.98354983E-08 +2.64077187E+01
1.01737952E+03 3.22315741E-08 +2.64077187E+01
1.01754521E+03 7.32200284E-09 +2.64077187E+01
1.01771096E+03 3.46743444E-08 +2.64077187E+01
1.01787677E+03 6.17349860E-08 +2.64077187E+01
1.01804263E+03 6.98881276E-08 +2.64077187E+01
1.01820854E+03 5.45097300E-08 +2.64077187E+01
1.01837451E+03 4.74120247E-08 +2.64077187E+01
1.01854053E+03 7.23458588E-08 +2.64077187E+01
1.01870661E+03 9.71459599E-08 +2.64077187E+01
1.01887274E+03 1.04687365E-07 +2.64077187E+01
1.01903893E+03 8.66186260E-08 +2.64077187E+01
1.01920516E+03 5.40522484E-08 +2.64077187E+01
1.01937146E+03 6.61246649E-08 +2.64077187E+01
1.01953780E+03 1.29513933E-07 +2.64077187E+01
1.01970421E+03 2.14413367E-07 +2.64077187E+01
1.01987066E+03 3.25424982E-07 +2.64077187E+01
1.02003717E+03 4.72789424E-07 +2.64077187E+01
1.02020374E+03 6.56179037E-07 +2.49518763E+01
1.02037036E+03 8.60880724E-07 +2.35537312E+01
1.02053703E+03 1.08419522E-06 +2.22189038E+01
1.02070376E+03 1.31959233E-06 +2.09338822E+01
1.02087054E+03 1.58240046E-06 +1.96974492E+01
1.02103738E+03 1.92937764E-06 +1.84832303E+01
1.02120427E+03 2.35618728E-06 +1.72725980E+01
1.02137121E+03 2.89539753E-06 +1.60458850E+01
1.02153821E+03 3.57535493E-06 +1.47982874E+01
1.02170527E+03 4.36745348E-06 +1.35279832E+01
1.02187238E+03 5.27723726E-06 +1.22594934E+01
1.02203954E+03 6.28464828E-06 +1.09948689E+01
1.02220676E+03 7.28922602E-06 +9.75286043E+00
1.02237404E+03 8.31588189E-06 +8.53574259E+00
1.02254137E+03 9.23048652E-06 +7.33199599E+00
1.02270875E+03 9.95731220E-06 +6.15474615E+00
1.02287619E+03 1.05871002E-05 +4.99706572E+00
1.02304368E+03 1.10086856E-05 +3.85898426E+00
1.02321123E+03 1.13234098E-05 +2.74859554E+00
1.02337883E+03 1.15986603E-05 +1.64483497E+00
1.02354649E+03 1.17963738E-05 +5.59569629E-01
1.02371420E+03 1.21306152E-05 -4.98479913E-01
1.02388197E+03 1.24781445E-05 -1.54919705E+00
1.02404979E+03 1.28905253E-05 -2.56993677E+00
1.02421767E+03 1.36330485E-05 -3.55714147E+00
1.02438560E+03 1.42963790E-05 -4.52759456E+00
1.02455359E+03 1.50090862E-05 -5.46229826E+00
1.02472163E+03 1.60245034E-05 -6.36121720E+00
1.02488973E+03 1.68086446E-05 -7.22507310E+00
1.02505789E+03 1.77791250E-05 -8.06227222E+00
1.02522609E+03 1.90188560E-05 -8.89275414E+00
1.02539436E+03 1.97921843E-05 -9.68271725E+00
1.02556268E+03 2.05774246E-05 -1.04434150E+01
1.02573105E+03 2.15206249E-05 -1.11769625E+01
1.02589948E+03 2.23647471E-05 -1.19084602E+01
1.02606797E+03 2.29280566E-05 -1.25930301E+01
1.02623651E+03 2.33320279E-05 -1.32510600E+01
1.02640510E+03 2.33914777E-05 -1.38984103E+01
1.02657375E+03 2.36997700E-05 -1.45002097E+01
1.02674246E+03 2.39320446E-05 -1.50769932E+01
1.02691122E+03 2.35900124E-05 -1.56384854E+01
1.02708004E+03 2.36119479E-05 -1.61715644E+01
1.02724891E+03 2.35231069E-05 -1.66777962E+01
1.02741784E+03 2.30214818E-05 -1.71462999E+01
1.02758682E+03 2.30800192E-05 -1.75972660E+01
1.02775586E+03 2.29624385E-05 -1.80352037E+01
1.02792496E+03 2.26165695E-05 -1.84514674E+01
1.02809411E+03 2.22369133E-05 -1.88249827E+01
1.02826331E+03 2.24991733E-05 -1.91986672E+01
1.02843258E+03 2.27876813E-05 -1.95663421E+01
1.02860189E+03 2.28109314E-05 -1.99023441E+01
1.02877127E+03 2.29483620E-05 -2.02260999E+01
1.02894070E+03 2.33515804E-05 -2.05321168E+01
1.02911018E+03 2.38200435E-05 -2.08218418E+01
1.02927972E+03 2.39709216E-05 -2.11120652E+01
1.02944932E+03 2.39972573E-05 -2.13856167E+01
1.02961897E+03 2.42240213E-05 -2.16362953E+01
1.02978868E+03 2.45272326E-05 -2.18705536E+01
1.02995845E+03 2.47745813E-05 -2.20836633E+01
1.03012827E+03 2.48341454E-05 -2.22835593E+01
1.03029815E+03 2.46745089E-05 -2.24758711E+01
1.03046808E+03 2.46132403E-05 -2.26446816E+01
1.03063807E+03 2.48465621E-05 -2.27832311E+01
1.03080811E+03 2.51203114E-05 -2.29092745E+01
1.03097821E+03 2.54870374E-05 -2.30241673E+01
1.03114837E+03 2.56706174E-05 -2.31284711E+01
1.03131858E+03 2.58866709E-05 -2.32105237E+01
1.03148885E+03 2.59219075E-05 -2.32821040E+01
1.03165918E+03 2.63238592E-05 -2.33314247E+01
1.03182956E+03 2.65613207E-05 -2.33685729E+01
1.03200000E+03 2.62841096E-05 -2.34035690E+01
1.03217049E+03 2.65112593E-05 -2.34074910E+01
1.03234105E+03 2.67824077E-05 -2.33964831E+01
1.03251165E+03 2.65299787E-05 -2.33889710E+01
1.03268232E+03 2.65631380E-05 -2.33438432E+01
1.03285304E+03 2.66382580E-05 -2.32821951E+01
1.03302381E+03 2.68087474E-05 -2.32052317E+01
1.03319465E+03 2.67622291E-05 -2.31344841E+01
1.03336554E+03 2.67936275E-05 -2.30140323E+01
1.03353648E+03 2.67184338E-05 -2.28757958E+01
1.03370749E+03 2.66972605E-05 -2.27541612E+01
1.03387855E+03 2.64569341E-05 -2.25913297E+01
1.03404966E+03 2.59891772E-05 -2.24097849E+01
1.03422083E+03 2.55578580E-05 -2.22122161E+01
1.03439206E+03 2.59261402E-05 -2.20242446E+01
1.03456335E+03 2.59350126E-05 -2.18028293E+01
1.03473469E+03 2.56454917E-05 -2.15635443E+01
1.03490609E+03 2.57730468E-05 -2.13080526E+01
1.03507755E+03 2.54023866E-05 -2.10297463E+01
1.03524906E+03 2.53120845E-05 -2.07449137E+01
1.03542063E+03 2.51668747E-05 -2.04520841E+01
1.03559226E+03 2.51897960E-05 -2.01264433E+01
1.03576394E+03 2.47003567E-05 -1.97920356E+01
1.03593568E+03 2.44702448E-05 -1.94412981E+01
1.03610748E+03 2.43198558E-05 -1.90812786E+01
1.03627934E+03 2.38828067E-05 -1.86912864E+01
1.03645125E+03 2.34606019E-05 -1.83061468E+01
1.03662322E+03 2.33661624E-05 -1.79021851E+01
1.03679524E+03 2.32025143E-05 -1.74748558E+01
1.03696733E+03 2.34913367E-05 -1.70384374E+01
1.03713947E+03 2.38000881E-05 -1.65727928E+01
1.03731166E+03 2.42096069E-05 -1.60741484E+01
1.03748392E+03 2.44974549E-05 -1.55547075E+01
1.03765623E+03 2.48868701E-05 -1.49940508E+01
1.03782860E+03 2.49293832E-05 -1.43998857E+01
1.03800102E+03 2.47080400E-05 -1.37850944E+01
1.03817351E+03 2.40396199E-05 -1.31349643E+01
1.03834605E+03 2.28425467E-05 -1.24646799E+01
1.03851865E+03 2.11075187E-05 -1.17758838E+01
1.03869130E+03 1.91621556E-05 -1.10694296E+01
1.03886401E+03 1.68014130E-05 -1.03509403E+01
1.03903679E+03 1.43530971E-05 -9.62911880E+00
1.03920961E+03 1.19015530E-05 -8.91391711E+00
1.03938250E+03 9.55309367E-06 -8.20415034E+00
1.03955544E+03 7.55076643E-06 -7.54045220E+00
1.03972844E+03 6.06734116E-06 -6.91695743E+00
1.03990150E+03 5.19513070E-06 -6.29422530E+00
1.04007462E+03 4.71414781E-06 -5.64605475E+00
1.04024779E+03 4.39344256E-06 -4.89300109E+00
1.04042102E+03 3.89996442E-06 -4.03815077E+00
1.04059431E+03 3.28254617E-06 -3.10485215E+00
1.04076766E+03 2.45891434E-06 -2.10523412E+00
1.04094106E+03 1.58218994E-06 -1.06016777E+00
1.04111452E+03 8.01201625E-07 +6.00528307E-03
1.04128804E+03 1.90391773E-07 +6.59203024E-01
1.04146162E+03 2.28515025E-07 +6.59203024E-01
1.04163526E+03 3.87629407E-07 +6.59203024E-01
1.04180895E+03 3.86657988E-07 +1.64961260E+00
1.04198270E+03 2.75364457E-07 -2.81627928E+00
1.04215651E+03 2.95573106E-07 -2.81627928E+00
1.04233038E+03 3.75387637E-07 -2.81627928E+00
1.04250430E+03 3.89588782E-07 -1.85865194E+00
1.04267829E+03 3.39230487E-07 -8.54483822E-01
1.04285233E+03 2.62225150E-07 +0.00000000E+00
1.04302643E+03 1.96442015E-07 +0.00000000E+00
1.04320058E+03 1.40524652E-07 +0.00000000E+00
1.04337480E+03 7.98835184E-08 +0.00000000E+00
1.04354908E+03 1.83282060E-08 +0.00000000E+00
1.04372341E+03 6.55839240E-08 +0.00000000E+00
1.04389780E+03 1.35384500E-07 +0.00000000E+00
1.04407225E+03 1.84143421E-07 +0.00000000E+00
1.04424675E+03 1.99056680E-07 +0.00000000E+00
1.04442132E+03 1.76819849E-07 +0.00000000E+00
1.04459594E+03 1.26664086E-07 +0.00000000E+00
1.04477063E+03 5.56117802E-08 +0.00000000E+00
1.04494537E+03 3.49069626E-08 +0.00000000E+00
1.04512017E+03 9.32817034E-08 +0.00000000E+00
1.04529502E+03 1.27555327E-07 +0.00000000E+00
1.04546994E+03 1.27574710E-07 +0.00000000E+00
1.04564492E+03 9.81230949E-08 +0.00000000E+00
1.04581995E+03 4.88212659E-08 +0.00000000E+00
1.04599504E+03 1.55657573E-08 +0.00000000E+00
1.04617019E+03 5.59505884E-08 +0.00000000E+00
1.04634540E+03 7.81786520E-08 +0.00000000E+00
1.04652067E+03 6.26553918E-08 +0.00000000E+00
1.04669600E+03 3.46428382E-08 +0.00000000E+00
1.04687138E+03 3.12028605E-08 +0.00000000E+00
1.04704683E+03 4.31540146E-08 +0.00000000E+00
1.04722233E+03 6.39198336E-08 +0.00000000E+00
1.04739789E+03 4.31974980E-08 +0.00000000E+00
1.04757351E+03 2.39375624E-08 +0.00000000E+00
1.04774919E+03 3.14595919E-08 +0.00000000E+00
1.04792493E+03 3.69717039E-08 +0.00000000E+00
1.04810073E+03 4.31448097E-08 +0.00000000E+00
1.04827658E+03 2.70874587E-08 +0.00000000E+00
1.04845250E+03 2.87495900E-08 +0.00000000E+00
1.04862847E+03 2.61610107E-08 +0.00000000E+00
1.04880451E+03 2.91714936E-08 +0.00000000E+00
1.04898060E+03 2.59800595E-08 +0.00000000E+00
1.04915675E+03 1.49455189E-08 +0.00000000E+00
1.04933296E+03 5.81737807E-09 +0.00000000E+00
1.04950923E+03 1.71941670E-08 +0.00000000E+00
1.04968556E+03 1.35967844E-08 +0.00000000E+00
1.04986195E+03 1.75803667E-08 +0.00000000E+00
1.05003840E+03 4.33480458E-09 +0.00000000E+00
1.05021491E+03 8.77738531E-09 +0.00000000E+00
1.05039148E+03 7.75392780E-09 +0.00000000E+00
1.05056810E+03 2.55446662E-08 +0.00000000E+00
1.05074479E+03 3.93694622E-08 +0.00000000E+00
1.05092153E+03 1.56304786E-08 +0.00000000E+00
1.05109834E+03 1.14743353E-08 +0.00000000E+00
1.05127520E+03 1.94260834E-08 +0.00000000E+00
1.05145212E+03 1.96118617E-08 +0.00000000E+00
1.05162911E+03 1.97842856E-08 +0.00000000E+00
1.05180615E+03 1.88301636E-08 +0.00000000E+00
1.05198325E+03 2.05222774E-08 +0.00000000E+00
1.05216042E+03 2.04449263E-08 +0.00000000E+00
1.05233764E+03 1.68390470E-08 +0.00000000E+00
1.05251492E+03 1.44363306E-08 +0.00000000E+00
1.05269226E+03 1.56752550E-08 +0.00000000E+00
1.05286966E+03 1.73078957E-08 +0.00000000E+00
1.05304712E+03 2.05062182E-08 +0.00000000E+00
1.05322464E+03 2.50369536E-08 +0.00000000E+00
1.05340222E+03 2.90360152E-08 +0.00000000E+00
1.05357986E+03 3.26184554E-08 +0.00000000E+00
1.05375756E+03 3.60131705E-08 +0.00000000E+00
1.05393532E+03 3.74322792E-08 +0.00000000E+00
1.05411314E+03 3.66892058E-08 +0.00000000E+00
1.05429102E+03 3.67738996E-08 +0.00000000E+00
