  wavelength    amplitude        phase
1.01079557E+03 5.85033476E-09 +3.31065723E+01
1.01095913E+03 6.95825257E-09 +3.31065723E+01
1.01112274E+03 1.01326402E-08 +3.31065723E+01
1.01128641E+03 7.80958670E-09 +3.31065723E+01
1.01145013E+03 6.73191866E-09 +3.31065723E+01
1.01161390E+03 8.66565413E-09 +3.31065723E+01
1.01177773E+03 7.63369087E-09 +3.31065723E+01
1.01194160E+03 9.14091944E-09 +3.31065723E+01
1.01210553E+03 8.93426180E-09 +3.31065723E+01
1.01226952E+03 6.81116646E-09 +3.31065723E+01
1.01243356E+03 9.03344985E-09 +3.31065723E+01
1.01259765E+03 9.81101651E-09 +3.31065723E+01
1.01276179E+03 8.06266585E-09 +3.31065723E+01
1.01292599E+03 9.23404507E-09 +3.31065723E+01
1.01309024E+03 8.97036881E-09 +3.31065723E+01
1.01325454E+03 9.75811346E-09 +3.31065723E+01
1.01341890E+03 1.00920512E-08 +3.31065723E+01
1.01358331E+03 8.51782428E-09 +3.31065723E+01
1.01374777E+03 8.90309538E-09 +3.31065723E+01
1.01391229E+03 1.33691750E-08 +3.31065723E+01
1.01407686E+03 5.42882249E-09 +3.31065723E+01
1.01424148E+03 8.02580254E-09 +3.31065723E+01
1.01440616E+03 1.66944777E-08 +3.31065723E+01
1.01457089E+03 7.90277128E-09 +3.31065723E+01
1.01473567E+03 3.28549021E-09 +3.31065723E+01
1.01490051E+03 1.29351997E-08 +3.31065723E+01
1.01506540E+03 1.75775822E-08 +3.31065723E+01
1.01523035E+03 1.30316383E-08 +3.31065723E+01
1.01539534E+03 8.83712762E-09 +3.31065723E+01
1.01556040E+03 2.07326324E-08 +3.31065723E+01
1.01572550E+03 2.65254408E-08 +3.31065723E+01
1.01589066E+03 1.27485354E-08 +3.31065723E+01
1.01605587E+03 1.55470419E-08 +3.31065723E+01
1.01622114E+03 3.52223476E-08 +3.31065723E+01
1.01638646E+03 4.26188534E-08 +3.31065723E+01
1.01655184E+03 2.83228592E-08 +3.31065723E+01
1.01671726E+03 2.88176509E-08 +3.31065723E+01
1.01688275E+03 5.67266091E-08 +3.31065723E+01
1.01704828E+03 7.04862289E-08 +3.31065723E+01
1.01721387E+03 5.39037999E-08 +3.31065723E+01
1.01737952E+03 2.09935896E-08 +3.31065723E+01
1.01754521E+03 4.73820560E-08 +3.31065723E+01
1.01771096E+03 6.74692420E-08 +3.31065723E+01
1.01787677E+03 4.91909533E-08 +3.31065723E+01
1.01804263E+03 4.17577347E-08 +3.31065723E+01
1.01820854E+03 6.30759778E-08 +3.31065723E+01
1.01837451E+03 4.38819094E-08 +3.31065723E+01
1.01854053E+03 4.46898300E-08 +3.31065723E+01
1.01870661E+03 1.22831016E-07 +3.31065723E+01
1.01887274E+03 1.61055633E-07 +3.31065723E+01
1.01903893E+03 1.28045052E-07 +3.31065723E+01
1.01920516E+03 8.10359543E-08 +3.31065723E+01
1.01937146E+03 1.46885666E-07 +3.31065723E+01
1.01953780E+03 2.10586455E-07 +3.31065723E+01
1.01970421E+03 2.26759662E-07 +3.31065723E+01
1.01987066E+03 2.38188070E-07 +3.31065723E+01
1.02003717E+03 2.82483446E-07 +3.31065723E+01
1.02020374E+03 3.33100540E-07 +3.07559240E+01
1.02037036E+03 4.09786777E-07 +2.84344358E+01
1.02053703E+03 5.34727053E-07 +2.62913324E+01
1.02070376E+03 6.45438055E-07 +2.42984000E+01
1.02087054E+03 7.32633697E-07 +2.23842371E+01
1.02103738E+03 8.67633501E-07 +2.04581114E+01
1.02120427E+03 1.12542319E-06 +1.85218502E+01
1.02137121E+03 1.55566936E-06 +1.66258153E+01
1.02153821E+03 2.14559078E-06 +1.47537618E+01
1.02170527E+03 2.82271309E-06 +1.28733805E+01
1.02187238E+03 3.56751011E-06 +1.09922401E+01
1.02203954E+03 4.43314718E-06 +9.11002487E+00
1.02220676E+03 5.36045750E-06 +7.25900588E+00
1.02237404E+03 6.37075747E-06 +5.45473893E+00
1.02254137E+03 7.30669625E-06 +3.67256281E+00
1.02270875E+03 8.11553214E-06 +1.91980725E+00
1.02287619E+03 8.95409949E-06 +2.02078120E-01
1.02304368E+03 9.64786408E-06 -1.48052873E+00
1.02321123E+03 1.02327998E-05 -3.12128787E+00
1.02337883E+03 1.08709856E-05 -4.73722164E+00
1.02354649E+03 1.13886823E-05 -6.31633165E+00
1.02371420E+03 1.18955798E-05 -7.85304204E+00
1.02388197E+03 1.24032480E-05 -9.37501518E+00
1.02404979E+03 1.28702073E-05 -1.08593457E+01
1.02421767E+03 1.35297852E-05 -1.22982723E+01
1.02438560E+03 1.40415253E-05 -1.37165821E+01
1.02455359E+03 1.43298261E-05 -1.50994167E+01
1.02472163E+03 1.47594651E-05 -1.64532074E+01
1.02488973E+03 1.50094660E-05 -1.77797583E+01
1.02505789E+03 1.53660877E-05 -1.90714108E+01
1.02522609E+03 1.61910558E-05 -2.03552508E+01
1.02539436E+03 1.67740244E-05 -2.16016119E+01
1.02556268E+03 1.73842069E-05 -2.27992641E+01
1.02573105E+03 1.81303632E-05 -2.39566507E+01
1.02589948E+03 1.93729783E-05 -2.51003959E+01
1.02606797E+03 2.03140492E-05 -2.61867856E+01
1.02623651E+03 2.11305433E-05 -2.72279403E+01
1.02640510E+03 2.17820477E-05 -2.82513090E+01
1.02657375E+03 2.22359157E-05 -2.92242483E+01
1.02674246E+03 2.29044391E-05 -3.01600486E+01
1.02691122E+03 2.33388083E-05 -3.10694340E+01
1.02708004E+03 2.35256136E-05 -3.19298064E+01
1.02724891E+03 2.36997786E-05 -3.27676912E+01
1.02741784E+03 2.36588935E-05 -3.35711537E+01
1.02758682E+03 2.37964268E-05 -3.43110926E+01
1.02775586E+03 2.39203354E-05 -3.50352258E+01
1.02792496E+03 2.41442847E-05 -3.57404068E+01
1.02809411E+03 2.38676776E-05 -3.64010567E+01
1.02826331E+03 2.38259543E-05 -3.70068942E+01
1.02843258E+03 2.39509625E-05 -3.75943231E+01
1.02860189E+03 2.39926336E-05 -3.81688660E+01
1.02877127E+03 2.43684640E-05 -3.87110840E+01
1.02894070E+03 2.46358513E-05 -3.92132061E+01
1.02911018E+03 2.47236905E-05 -3.96823079E+01
1.02927972E+03 2.51323535E-05 -4.01305357E+01
1.02944932E+03 2.55691264E-05 -4.05519774E+01
1.02961897E+03 2.59115149E-05 -4.09476670E+01
1.02978868E+03 2.62537603E-05 -4.13290787E+01
1.02995845E+03 2.64158272E-05 -4.16876454E+01
1.03012827E+03 2.65552306E-05 -4.20125594E+01
1.03029815E+03 2.69020321E-05 -4.23060172E+01
1.03046808E+03 2.72323574E-05 -4.25724984E+01
1.03063807E+03 2.73490255E-05 -4.28173267E+01
1.03080811E+03 2.74171599E-05 -4.30431639E+01
1.03097821E+03 2.73628060E-05 -4.32288207E+01
1.03114837E+03 2.74367962E-05 -4.33787020E+01
1.03131858E+03 2.75741403E-05 -4.35013343E+01
1.03148885E+03 2.78705135E-05 -4.36193889E+01
1.03165918E+03 2.77926638E-05 -4.37031997E+01
1.03182956E+03 2.78187928E-05 -4.37555323E+01
1.03200000E+03 2.85019794E-05 -4.37937319E+01
1.03217049E+03 2.87682529E-05 -4.37935540E+01
1.03234105E+03 2.86365753E-05 -4.37623389E+01
1.03251165E+03 2.89650894E-05 -4.37086465E+01
1.03268232E+03 2.91133599E-05 -4.36199755E+01
1.03285304E+03 2.91224543E-05 -4.35214809E+01
1.03302381E+03 2.85406673E-05 -4.33919173E+01
1.03319465E+03 2.85709273E-05 -4.32237252E+01
1.03336554E+03 2.83716674E-05 -4.30234884E+01
1.03353648E+03 2.82063671E-05 -4.28193350E+01
1.03370749E+03 2.84231820E-05 -4.25866765E+01
1.03387855E+03 2.79721757E-05 -4.23109119E+01
1.03404966E+03 2.79210323E-05 -4.20139252E+01
1.03422083E+03 2.77953205E-05 -4.17056768E+01
1.03439206E+03 2.78668733E-05 -4.13457883E+01
1.03456335E+03 2.73611844E-05 -4.09569291E+01
1.03473469E+03 2.70549187E-05 -4.05503924E+01
1.03490609E+03 2.69322508E-05 -4.01105017E+01
1.03507755E+03 2.64767103E-05 -3.96660231E+01
1.03524906E+03 2.61625412E-05 -3.91862517E+01
1.03542063E+03 2.59266390E-05 -3.86738410E+01
1.03559226E+03 2.55626624E-05 -3.81145835E+01
1.03576394E+03 2.54538730E-05 -3.75566568E+01
1.03593568E+03 2.51504383E-05 -3.69673442E+01
1.03610748E+03 2.48849550E-05 -3.63407266E+01
1.03627934E+03 2.42851709E-05 -3.56916757E+01
1.03645125E+03 2.40498439E-05 -3.50240331E+01
1.03662322E+03 2.38801297E-05 -3.43156506E+01
1.03679524E+03 2.34458882E-05 -3.35866298E+01
1.03696733E+03 2.32140952E-05 -3.28123318E+01
1.03713947E+03 2.29763181E-05 -3.20006572E+01
1.03731166E+03 2.25432335E-05 -3.11556170E+01
1.03748392E+03 2.19894020E-05 -3.02789926E+01
1.03765623E+03 2.12546263E-05 -2.93530483E+01
1.03782860E+03 1.99594796E-05 -2.83916281E+01
1.03800102E+03 1.86260903E-05 -2.73907117E+01
1.03817351E+03 1.68856074E-05 -2.63499118E+01
1.03834605E+03 1.49045586E-05 -2.52766685E+01
1.03851865E+03 1.27898494E-05 -2.41822577E+01
1.03869130E+03 1.06841184E-05 -2.30507574E+01
1.03886401E+03 8.59816339E-06 -2.19077087E+01
1.03903679E+03 6.58720332E-06 -2.07728491E+01
1.03920961E+03 4.75296460E-06 -1.96518449E+01
1.03938250E+03 3.09349075E-06 -1.85826498E+01
1.03955544E+03 1.92694307E-06 -1.76610194E+01
1.03972844E+03 1.45228181E-06 -1.68043380E+01
1.03990150E+03 1.39951916E-06 -1.57058163E+01
1.04007462E+03 1.54020182E-06 -1.43858141E+01
1.04024779E+03 1.67190531E-06 -1.28619431E+01
1.04042102E+03 1.68164968E-06 -1.12815483E+01
1.04059431E+03 1.58011237E-06 -9.63968904E+00
1.04076766E+03 1.35162421E-06 -7.90756866E+00
1.04094106E+03 1.03083687E-06 -6.10686646E+00
1.04111452E+03 7.04446241E-07 -4.11163541E+00
1.04128804E+03 6.17616116E-07 -1.90492343E+00
1.04146162E+03 5.43930371E-07 +4.46806963E-02
1.04163526E+03 4.03880173E-07 +1.73641628E+00
1.04180895E+03 2.46490015E-07 +0.00000000E+00
1.04198270E+03 2.16362761E-07 +0.00000000E+00
1.04215651E+03 2.24341710E-07 +0.00000000E+00
1.04233038E+03 1.83139628E-07 +0.00000000E+00
1.04250430E+03 1.87818890E-07 +0.00000000E+00
1.04267829E+03 1.58672015E-07 +0.00000000E+00
1.04285233E+03 1.11358175E-07 +0.00000000E+00
1.04302643E+03 1.36492812E-07 +0.00000000E+00
1.04320058E+03 1.69976509E-07 +0.00000000E+00
1.04337480E+03 1.37840331E-07 +0.00000000E+00
1.04354908E+03 7.99060048E-08 +0.00000000E+00
1.04372341E+03 1.18791191E-07 +0.00000000E+00
1.04389780E+03 1.53351590E-07 +0.00000000E+00
1.04407225E+03 1.05037961E-07 +0.00000000E+00
1.04424675E+03 3.27980527E-08 +0.00000000E+00
1.04442132E+03 9.74692884E-08 +0.00000000E+00
1.04459594E+03 1.21867991E-07 +0.00000000E+00
1.04477063E+03 8.13248572E-08 +0.00000000E+00
1.04494537E+03 5.79911883E-08 +0.00000000E+00
1.04512017E+03 7.38157263E-08 +0.00000000E+00
1.04529502E+03 4.43041488E-08 +0.00000000E+00
1.04546994E+03 5.60619793E-08 +0.00000000E+00
1.04564492E+03 9.75391083E-08 +0.00000000E+00
1.04581995E+03 8.59742213E-08 +0.00000000E+00
1.04599504E+03 9.29848856E-09 +0.00000000E+00
1.04617019E+03 6.59151421E-08 +0.00000000E+00
1.04634540E+03 1.03736715E-07 +0.00000000E+00
1.04652067E+03 5.55684087E-08 +0.00000000E+00
1.04669600E+03 1.54685857E-08 +0.00000000E+00
1.04687138E+03 6.03628502E-08 +0.00000000E+00
1.04704683E+03 6.84446121E-08 +0.00000000E+00
1.04722233E+03 2.02485581E-08 +0.00000000E+00
1.04739789E+03 3.55592889E-08 +0.00000000E+00
1.04757351E+03 4.76716406E-08 +0.00000000E+00
1.04774919E+03 3.93160754E-08 +0.00000000E+00
1.04792493E+03 3.09219346E-08 +0.00000000E+00
1.04810073E+03 3.16117924E-08 +0.00000000E+00
1.04827658E+03 3.73816005E-08 +0.00000000E+00
1.04845250E+03 3.82607284E-08 +0.00000000E+00
1.04862847E+03 2.40713952E-08 +0.00000000E+00
1.04880451E+03 3.32265743E-08 +0.00000000E+00
1.04898060E+03 4.06668805E-08 +0.00000000E+00
1.04915675E+03 1.48991675E-08 +0.00000000E+00
1.04933296E+03 3.20982680E-08 +0.00000000E+00
1.04950923E+03 3.48146085E-08 +0.00000000E+00
1.04968556E+03 1.56726525E-08 +0.00000000E+00
1.04986195E+03 1.34861199E-08 +0.00000000E+00
1.05003840E+03 1.59506592E-08 +0.00000000E+00
1.05021491E+03 1.63281335E-08 +0.00000000E+00
1.05039148E+03 9.16043308E-09 +0.00000000E+00
1.05056810E+03 1.85665818E-08 +0.00000000E+00
1.05074479E+03 2.77706042E-08 +0.00000000E+00
1.05092153E+03 1.69614458E-08 +0.00000000E+00
1.05109834E+03 2.45131937E-08 +0.00000000E+00
1.05127520E+03 3.73474859E-08 +0.00000000E+00
1.05145212E+03 2.63601906E-08 +0.00000000E+00
1.05162911E+03 2.77234302E-08 +0.00000000E+00
1.05180615E+03 3.79681296E-08 +0.00000000E+00
1.05198325E+03 2.19690437E-08 +0.00000000E+00
1.05216042E+03 2.55517327E-08 +0.00000000E+00
1.05233764E+03 2.66949380E-08 +0.00000000E+00
1.05251492E+03 1.33425917E-08 +0.00000000E+00
1.05269226E+03 1.95117095E-08 +0.00000000E+00
1.05286966E+03 1.60010424E-08 +0.00000000E+00
1.05304712E+03 1.39008091E-08 +0.00000000E+00
1.05322464E+03 1.97539286E-08 +0.00000000E+00
1.05340222E+03 1.72536431E-08 +0.00000000E+00
1.05357986E+03 2.01631042E-08 +0.00000000E+00
1.05375756E+03 2.23155950E-08 +0.00000000E+00
1.05393532E+03 1.98404532E-08 +0.00000000E+00
1.05411314E+03 2.17116895E-08 +0.00000000E+00
1.05429102E+03 1.52747190E-08 +0.00000000E+00
