  wavelength    amplitude        phase
1.09177240E+03 5.61059533E-03 +2.33113410E+00
1.09166450E+03 5.77684447E-03 +4.42376580E-01
1.09155670E+03 5.34848689E-03 -1.12266000E+00
1.09144890E+03 5.54878879E-03 -2.99319640E+00
1.09134110E+03 4.29071474E-03 -4.51106950E+00
1.09123330E+03 5.02631058E-03 -6.19045920E+00
1.09112560E+03 4.57189643E-03 -7.78251440E+00
1.09101790E+03 5.49919840E-03 -9.55627540E+00
1.09091020E+03 4.73031193E-03 -1.13089870E+01
1.09080250E+03 5.19791429E-03 -1.30576280E+01
1.09069490E+03 4.08033013E-03 -1.48911300E+01
1.09058720E+03 3.83082406E-03 -1.65011190E+01
1.09047960E+03 2.92017965E-03 -1.81148410E+01
1.09037200E+03 3.71199690E-03 -1.96583810E+01
1.09026450E+03 2.94468182E-03 -2.15789070E+01
1.09015690E+03 2.73321305E-03 -2.30071390E+01
1.09004940E+03 2.21583551E-03 -2.47260200E+01
1.08994190E+03 2.70941304E-03 -2.60978550E+01
1.08983440E+03 2.70257499E-03 -2.81246120E+01
1.08972690E+03 2.00825775E-03 -2.98723860E+01
1.08961950E+03 1.22382156E-03 -3.15689300E+01
1.08951210E+03 1.22066613E-03 -3.27640330E+01
1.08940470E+03 7.32024549E-04 -3.42192200E+01
1.08929730E+03 1.66849897E-03 -3.55654660E+01
1.08919000E+03 1.14692894E-03 -3.77601480E+01
1.08908260E+03 1.37403581E-03 -3.87403780E+01
1.08897530E+03 1.38604246E-03 -4.09884260E+01
1.08886800E+03 7.83949010E-04 -4.21699850E+01
1.08876070E+03 1.07139307E-03 -4.36937590E+01
1.08865350E+03 1.19700510E-03 -4.53829230E+01
1.08854630E+03 9.41199336E-04 -4.68665670E+01
1.08843910E+03 1.84715725E-03 -4.85719940E+01
1.08833190E+03 1.43221552E-03 -5.12057240E+01
1.08822470E+03 4.45521133E-04 -5.07565800E+01
1.08811760E+03 1.22805692E-03 -5.32225950E+01
1.08801040E+03 1.23254683E-03 -5.49956200E+01
1.08790330E+03 1.32625661E-03 -5.68907200E+01
1.08779630E+03 1.32922165E-03 -5.88217370E+01
1.08768920E+03 5.50820107E-04 -6.11175320E+01
1.08758220E+03 1.07087525E-03 -6.12685890E+01
1.08747510E+03 1.15873146E-03 -6.38890830E+01
1.08736810E+03 7.34400123E-04 -6.50597000E+01
1.08726120E+03 1.06557163E-03 -6.73133650E+01
1.08715420E+03 3.87373205E-04 -6.88018050E+01
1.08704730E+03 7.85651029E-04 -7.01530520E+01
1.08694040E+03 1.00364072E-03 -7.21036930E+01
1.08683350E+03 8.73254877E-04 -7.44910050E+01
1.08672660E+03 1.82922809E-04 -7.54631320E+01
1.08661970E+03 5.78923156E-04 -7.70024150E+01
1.08651290E+03 5.05929837E-04 -7.89514450E+01
1.08640610E+03 1.39202033E-04 -8.08212470E+01
1.08629930E+03 7.76687221E-04 -8.12367330E+01
1.08619260E+03 8.25636615E-04 -8.42034840E+01
1.08608580E+03 3.09375631E-04 -8.33524680E+01
1.08597910E+03 9.83564731E-04 -8.04809370E+01
1.08587240E+03 5.40374842E-04 -7.73475950E+01
1.08576570E+03 2.54861929E-04 -7.55546670E+01
1.08565900E+03 4.94865264E-04 -7.79737840E+01
1.08555240E+03 8.10453311E-04 -8.01377320E+01
1.08544580E+03 8.90431362E-04 -8.24298940E+01
1.08533920E+03 6.00266757E-04 -8.45997680E+01
1.08523260E+03 5.36724911E-04 -8.59690150E+01
1.08512600E+03 6.46886737E-04 -8.82491240E+01
1.08501950E+03 1.78558145E-04 -9.01562050E+01
1.08491300E+03 5.03166066E-04 -9.05722510E+01
1.08480650E+03 1.07400670E-03 -9.27914780E+01
1.08470000E+03 1.23932853E-03 -9.53767990E+01
1.08459360E+03 5.80858081E-04 -9.77704780E+01
1.08448710E+03 3.90628404E-04 -9.88450980E+01
1.08438070E+03 3.25986334E-04 -1.00366120E+02
1.08427430E+03 7.64491256E-04 -1.02000990E+02
1.08416800E+03 1.10206679E-03 -1.04608440E+02
1.08406160E+03 9.35503565E-04 -1.07429050E+02
1.08395530E+03 3.95186146E-04 -1.10503930E+02
1.08384900E+03 1.04751000E-04 -1.09104480E+02
1.08374270E+03 1.32634788E-04 -1.12211910E+02
1.08363640E+03 1.28327857E-04 -1.14726310E+02
1.08353020E+03 1.77937329E-04 -1.12774800E+02
1.08342400E+03 2.87634748E-04 -1.10076550E+02
1.08331780E+03 7.70815594E-05 -1.08119720E+02
1.08321160E+03 3.65159691E-04 -1.06254000E+02
1.08310540E+03 3.74131768E-04 -1.08977180E+02
1.08299930E+03 1.50654764E-04 -1.11157210E+02
1.08289320E+03 5.67338426E-05 -1.11223480E+02
1.08278710E+03 3.18058234E-04 -1.12509870E+02
1.08268100E+03 7.05959878E-04 -1.15123680E+02
1.08257500E+03 7.85148941E-04 -1.17949860E+02
1.08246890E+03 6.24223117E-04 -1.20617680E+02
1.08236290E+03 7.05126528E-04 -1.23224730E+02
1.08225690E+03 8.83434587E-04 -1.26278960E+02
1.08215090E+03 8.75727846E-04 -1.23306270E+02
1.08204500E+03 7.54955462E-04 -1.20434760E+02
1.08193910E+03 5.68008970E-04 -1.17433030E+02
1.08183310E+03 3.44300944E-04 -1.20354930E+02
1.08172730E+03 3.47817423E-04 -1.22862280E+02
1.08162140E+03 4.67846941E-04 -1.25688070E+02
1.08151550E+03 3.76569648E-04 -1.28427240E+02
1.08140970E+03 2.82519652E-04 -1.30543610E+02
1.08130390E+03 3.17916011E-04 -1.33206890E+02
1.08119810E+03 1.85744515E-04 -1.30359790E+02
1.08109230E+03 1.24630024E-04 -1.28517180E+02
1.08098660E+03 3.98676360E-05 -1.27452320E+02
1.08088090E+03 3.30824803E-04 -1.25242110E+02
1.08077520E+03 4.25532666E-04 -1.22109040E+02
1.08066950E+03 3.06284198E-04 -1.19234320E+02
1.08056380E+03 2.03937748E-04 -1.16275650E+02
1.08045820E+03 2.79033636E-05 -1.18235590E+02
1.08035260E+03 2.22764685E-04 -1.18849150E+02
1.08024700E+03 3.61261194E-04 -1.21586770E+02
1.08014140E+03 2.74926066E-04 -1.24609640E+02
1.08003580E+03 6.07436886E-05 -1.27212390E+02
1.07993030E+03 1.73699565E-04 -1.28370660E+02
1.07982480E+03 1.11778768E-04 -1.31144920E+02
1.07971930E+03 2.74924793E-04 -1.31688450E+02
1.07961380E+03 5.28865862E-04 -1.34607730E+02
1.07950830E+03 3.45564321E-04 -1.37591720E+02
1.07940290E+03 7.00092587E-05 -1.35790610E+02
1.07929750E+03 2.47445077E-04 -1.38905450E+02
1.07919210E+03 4.04454410E-04 -1.41279790E+02
1.07908670E+03 2.91546250E-04 -1.44139850E+02
1.07898140E+03 1.09815227E-04 -1.42307180E+02
1.07887600E+03 7.02648561E-05 -1.44960380E+02
1.07877070E+03 3.35692672E-04 -1.46216150E+02
1.07866540E+03 3.77332267E-04 -1.49101160E+02
1.07856020E+03 2.27746719E-05 -1.48292920E+02
1.07845490E+03 2.65601813E-04 -1.45852370E+02
1.07834970E+03 2.56885504E-04 -1.43617160E+02
1.07824450E+03 2.75600628E-04 -1.41133210E+02
1.07813930E+03 1.55789778E-04 -1.39949500E+02
1.07803410E+03 4.92823518E-04 -1.37359290E+02
1.07792900E+03 3.60507711E-04 -1.34266250E+02
1.07782380E+03 1.75052881E-04 -1.33210880E+02
1.07771870E+03 2.47828275E-04 -1.30201230E+02
1.07761360E+03 3.46378247E-04 -1.30162470E+02
1.07750860E+03 8.22394498E-04 -1.33030530E+02
1.07740350E+03 4.55336711E-04 -1.36049930E+02
1.07729850E+03 2.62389247E-04 -1.35353500E+02
1.07719350E+03 4.10342174E-04 -1.32447600E+02
1.07708850E+03 3.00260902E-04 -1.29778290E+02
1.07698360E+03 3.90943052E-04 -1.32377050E+02
1.07687860E+03 6.77774358E-04 -1.34937260E+02
1.07677370E+03 4.95206543E-04 -1.31805590E+02
1.07666880E+03 2.32425106E-04 -1.30254560E+02
1.07656390E+03 3.04370066E-04 -1.28558360E+02
1.07645910E+03 6.64801504E-04 -1.26539270E+02
1.07635420E+03 8.07965692E-04 -1.23685840E+02
1.07624940E+03 3.27541906E-04 -1.21083880E+02
1.07614460E+03 4.94281812E-04 -1.19755670E+02
1.07603980E+03 5.77182770E-04 -1.16809730E+02
1.07593510E+03 3.97382159E-04 -1.14574020E+02
1.07583030E+03 6.78694784E-04 -1.11990500E+02
1.07572560E+03 4.43767225E-04 -1.08913730E+02
1.07562090E+03 3.66585406E-04 -1.07875370E+02
1.07551620E+03 5.60356726E-04 -1.04814250E+02
1.07541160E+03 9.13032672E-05 -1.03312310E+02
1.07530690E+03 4.20324494E-04 -1.01126010E+02
1.07520230E+03 2.80806417E-04 -9.89907030E+01
1.07509770E+03 6.28405172E-04 -9.63360810E+01
1.07499310E+03 6.72252066E-04 -9.91038850E+01
1.07488860E+03 4.50631302E-04 -9.62155900E+01
1.07478410E+03 8.12953221E-04 -9.37371030E+01
1.07467950E+03 9.56680997E-04 -9.67643970E+01
1.07457500E+03 4.49426212E-04 -9.36520510E+01
1.07447060E+03 4.83933776E-04 -9.20543050E+01
1.07436610E+03 8.71713577E-04 -9.51491020E+01
1.07426170E+03 5.87166433E-04 -9.80330690E+01
1.07415730E+03 1.07845756E-04 -9.93175510E+01
1.07405290E+03 9.50649005E-05 -1.02197970E+02
1.07394850E+03 4.90337251E-04 -1.01189830E+02
1.07384420E+03 5.45114630E-04 -9.87634310E+01
1.07373980E+03 9.97096129E-04 -9.70268180E+01
1.07363550E+03 1.15286803E-03 -9.42858190E+01
1.07353120E+03 2.62878955E-04 -9.24778180E+01
1.07342690E+03 4.76894076E-04 -9.10323620E+01
1.07332270E+03 7.52572229E-04 -9.08611850E+01
1.07321850E+03 1.74453114E-03 -8.81452480E+01
1.07311430E+03 1.25230240E-03 -8.59480590E+01
1.07301010E+03 1.44457849E-03 -8.42034110E+01
1.07290590E+03 1.07317869E-03 -8.23355620E+01
1.07280170E+03 1.27746495E-03 -8.06669260E+01
1.07269760E+03 1.02054353E-03 -7.92272380E+01
1.07259350E+03 1.75066656E-03 -7.72848620E+01
1.07248940E+03 1.05982206E-03 -7.55585910E+01
1.07238530E+03 1.70409882E-03 -7.39356110E+01
1.07228130E+03 1.07656491E-03 -7.23865780E+01
1.07217730E+03 2.26834288E-03 -7.07805400E+01
1.07207330E+03 1.68621019E-03 -6.87796280E+01
1.07196930E+03 2.44710370E-03 -6.74600110E+01
1.07186530E+03 2.31449221E-03 -6.53804730E+01
1.07176140E+03 2.74430676E-03 -6.41318110E+01
1.07165740E+03 3.48191327E-03 -6.19994230E+01
1.07155350E+03 2.89713590E-03 -6.04588740E+01
1.07144960E+03 3.79577594E-03 -5.85919010E+01
1.07134580E+03 3.38431441E-03 -5.69608010E+01
1.07124190E+03 4.23468995E-03 -5.51831170E+01
1.07113810E+03 4.54338684E-03 -5.35272460E+01
1.07103430E+03 5.47762695E-03 -5.15033320E+01
1.07093050E+03 3.55087468E-03 -4.99085920E+01
1.07082670E+03 5.78032577E-03 -4.83306610E+01
1.07072300E+03 5.58781719E-03 -4.64374040E+01
1.07061930E+03 6.14998252E-03 -4.46491260E+01
1.07051560E+03 4.62526864E-03 -4.29706860E+01
1.07041190E+03 6.37389857E-03 -4.14543510E+01
1.07030820E+03 6.11290896E-03 -3.95755070E+01
1.07020460E+03 6.55485881E-03 -3.79322800E+01
1.07010090E+03 5.91225693E-03 -3.61647560E+01
1.06999730E+03 7.19668167E-03 -3.45721740E+01
1.06989370E+03 6.84703651E-03 -3.25502820E+01
1.06979020E+03 5.81148552E-03 -3.09842600E+01
1.06968660E+03 5.43076661E-03 -2.91346270E+01
1.06958310E+03 5.22062736E-03 -2.78262750E+01
1.06947960E+03 6.41520319E-03 -2.58705080E+01
1.06937610E+03 5.51009573E-03 -2.43261900E+01
1.06927260E+03 6.52533440E-03 -2.24074750E+01
1.06916920E+03 4.63354821E-03 -2.10200780E+01
1.06906580E+03 7.99050286E-03 -1.92132080E+01
1.06896240E+03 6.22909335E-03 -1.72788960E+01
1.06885900E+03 7.46591408E-03 -1.56448330E+01
1.06875560E+03 6.07397119E-03 -1.37531700E+01
1.06865230E+03 7.55457815E-03 -1.21658710E+01
1.06854890E+03 6.49300408E-03 -1.01126640E+01
1.06844560E+03 6.29042852E-03 -8.60009410E+00
1.06834240E+03 5.18808144E-03 -6.71304590E+00
1.06823910E+03 7.22816720E-03 -5.45029440E+00
1.06813580E+03 8.73418634E-03 -3.20969080E+00
1.06803260E+03 6.06142945E-03 -1.54902620E+00
1.06792940E+03 7.68531821E-03 +1.03881040E-01
1.06782620E+03 8.82685618E-03 +1.80017040E+00
1.06772310E+03 1.20018253E-02 +3.79729790E+00
1.06761990E+03 1.11976145E-02 +5.87674420E+00
1.06751680E+03 1.00645651E-02 +7.81297630E+00
1.06741370E+03 5.83913581E-03 +9.63032980E+00
1.06731060E+03 9.19944640E-03 +1.06094940E+01
1.06720750E+03 1.39919052E-02 +1.28068240E+01
1.06710450E+03 1.27294434E-02 +1.48973540E+01
1.06700150E+03 9.11542961E-03 +1.70032350E+01
1.06689850E+03 4.09195943E-03 +1.66739590E+01
1.06679550E+03 2.21027862E-02 +1.88374320E+01
1.06669250E+03 4.09665254E-02 +2.10801320E+01
1.06658960E+03 6.23551810E-02 +2.34012950E+01
1.06648660E+03 7.51002111E-02 +2.57823830E+01
1.06638370E+03 7.89484370E-02 +2.81106450E+01
1.06628080E+03 7.83954501E-02 +3.04784130E+01
1.06617800E+03 6.56583521E-02 +3.29127690E+01
1.06607510E+03 4.49964110E-02 +3.53205600E+01
1.06597230E+03 2.48779227E-02 +3.77850820E+01
1.06586950E+03 6.15131815E-03 +3.48178970E+01
1.06576670E+03 1.55062800E-02 +3.28172300E+01
1.06566390E+03 2.44182209E-02 +3.54320890E+01
1.06556120E+03 2.77949978E-02 +3.79514820E+01
1.06545840E+03 2.53906388E-02 +4.05703400E+01
1.06535570E+03 1.76439732E-02 +4.32782140E+01
1.06525300E+03 1.03188938E-02 +4.61296520E+01
1.06515040E+03 8.47597086E-03 +4.31808620E+01
1.06504770E+03 1.23260651E-02 +4.01657610E+01
1.06494510E+03 1.52907050E-02 +4.30952160E+01
1.06484250E+03 1.55302296E-02 +4.58426670E+01
1.06473990E+03 1.47752848E-02 +4.85801850E+01
1.06463730E+03 1.32226351E-02 +5.14484070E+01
1.06453480E+03 1.18281956E-02 +5.44391070E+01
1.06443220E+03 1.17494221E-02 +5.74695160E+01
1.06432970E+03 1.26855595E-02 +6.04421670E+01
1.06422720E+03 1.40571985E-02 +6.33616070E+01
1.06412480E+03 1.48850035E-02 +6.62820910E+01
1.06402230E+03 1.45515343E-02 +6.92010960E+01
1.06391990E+03 1.38342488E-02 +7.21315400E+01
1.06381750E+03 1.35633455E-02 +7.50984220E+01
1.06371510E+03 1.39759447E-02 +7.80576020E+01
1.06361270E+03 1.45913214E-02 +8.09768170E+01
1.06351040E+03 1.44830477E-02 +8.38813420E+01
1.06340800E+03 1.36583561E-02 +8.68084460E+01
1.06330570E+03 1.32210238E-02 +8.97905270E+01
1.06320340E+03 1.39809174E-02 +9.28005500E+01
1.06310110E+03 1.51446443E-02 +9.57687350E+01
1.06299890E+03 1.56482226E-02 +9.86605150E+01
1.06289660E+03 1.57770295E-02 +1.01542840E+02
1.06279440E+03 1.53700573E-02 +1.04501210E+02
1.06269220E+03 1.47702657E-02 +1.07498760E+02
1.06259010E+03 1.50723061E-02 +1.10507960E+02
1.06248790E+03 1.59003984E-02 +1.13522520E+02
1.06238580E+03 1.66164738E-02 +1.16481780E+02
1.06228370E+03 1.69586176E-02 +1.19394040E+02
1.06218160E+03 1.60710893E-02 +1.22309420E+02
1.06207950E+03 1.44028903E-02 +1.25243960E+02
1.06197740E+03 1.37258286E-02 +1.28221200E+02
1.06187540E+03 1.45284046E-02 +1.31230580E+02
1.06177340E+03 1.54761649E-02 +1.34216370E+02
1.06167140E+03 1.55280234E-02 +1.37150720E+02
1.06156940E+03 1.50648239E-02 +1.40080390E+02
1.06146740E+03 1.42984128E-02 +1.43055880E+02
1.06136550E+03 1.37391550E-02 +1.46022340E+02
1.06126360E+03 1.38842555E-02 +1.48944590E+02
1.06116170E+03 1.37964021E-02 +1.51852820E+02
1.06105980E+03 1.29539971E-02 +1.54777490E+02
1.06095790E+03 1.21151921E-02 +1.57760620E+02
1.06085610E+03 1.21173219E-02 +1.60758750E+02
1.06075420E+03 1.30410697E-02 +1.63695010E+02
1.06065240E+03 1.38350009E-02 +1.66602880E+02
1.06055070E+03 1.36342715E-02 +1.69504560E+02
1.06044890E+03 1.30709162E-02 +1.72408750E+02
1.06034710E+03 1.26338901E-02 +1.75335350E+02
1.06024540E+03 1.25608204E-02 +1.78262180E+02
1.06014370E+03 1.32654762E-02 +1.81192990E+02
1.06004200E+03 1.40842462E-02 +1.84148780E+02
1.05994040E+03 1.38682825E-02 +1.87094850E+02
1.05983870E+03 1.29627524E-02 +1.90017750E+02
1.05973710E+03 1.24615396E-02 +1.92975370E+02
1.05963550E+03 1.28146607E-02 +1.95967510E+02
1.05953390E+03 1.38576437E-02 +1.98913580E+02
1.05943230E+03 1.49451450E-02 +2.01814380E+02
1.05933080E+03 1.48349796E-02 +2.04733650E+02
1.05922920E+03 1.32098997E-02 +2.07677220E+02
1.05912770E+03 1.19532247E-02 +2.10625410E+02
1.05902620E+03 1.24306331E-02 +2.13579590E+02
1.05892480E+03 1.36613425E-02 +2.16505260E+02
1.05882330E+03 1.42614182E-02 +2.19405200E+02
1.05872190E+03 1.36366194E-02 +2.22331250E+02
1.05862050E+03 1.28120818E-02 +2.25272280E+02
1.05851910E+03 1.35019873E-02 +2.28231710E+02
1.05841770E+03 1.49368655E-02 +2.31247410E+02
1.05831630E+03 1.54255720E-02 +2.34259860E+02
1.05821500E+03 1.53658631E-02 +2.37189060E+02
1.05811370E+03 1.56295496E-02 +2.40051710E+02
1.05801240E+03 1.54571385E-02 +2.42914300E+02
1.05791110E+03 1.43422017E-02 +2.45813370E+02
1.05780980E+03 1.33983977E-02 +2.48780690E+02
1.05770860E+03 1.39143983E-02 +2.51791650E+02
1.05760740E+03 1.54112644E-02 +2.54753930E+02
1.05750620E+03 1.64935539E-02 +2.57643850E+02
1.05740500E+03 1.67040812E-02 +2.60523590E+02
1.05730380E+03 1.64223001E-02 +2.63457920E+02
1.05720270E+03 1.61666490E-02 +2.66436520E+02
1.05710160E+03 1.62059989E-02 +2.69384660E+02
1.05700050E+03 1.66147239E-02 +2.72298610E+02
1.05689940E+03 1.69158000E-02 +2.75236480E+02
1.05679830E+03 1.69039093E-02 +2.78188640E+02
1.05669730E+03 1.70448426E-02 +2.81113020E+02
1.05659620E+03 1.73970032E-02 +2.84008340E+02
1.05649520E+03 1.76542978E-02 +2.86916710E+02
1.05639420E+03 1.73147827E-02 +2.89875150E+02
1.05629330E+03 1.64075135E-02 +2.92825800E+02
1.05619230E+03 1.62446791E-02 +2.95703050E+02
1.05609140E+03 1.68453314E-02 +2.98570150E+02
1.05599050E+03 1.69719902E-02 +3.01442450E+02
1.05588960E+03 1.72881798E-02 +3.04315240E+02
1.05578870E+03 1.79840034E-02 +3.07225060E+02
1.05568790E+03 1.82854352E-02 +3.10130980E+02
1.05558700E+03 1.82718354E-02 +3.13011320E+02
1.05548620E+03 1.82037859E-02 +3.15894590E+02
1.05538540E+03 1.86731047E-02 +3.18785530E+02
1.05528460E+03 1.99785970E-02 +3.21691870E+02
1.05518390E+03 2.12029899E-02 +3.24606580E+02
1.05508320E+03 2.17615549E-02 +3.27503670E+02
1.05498240E+03 2.22463912E-02 +3.30380120E+02
1.05488170E+03 2.32944408E-02 +3.33259510E+02
1.05478110E+03 2.45035328E-02 +3.36152890E+02
1.05468040E+03 2.51666357E-02 +3.39044400E+02
1.05457980E+03 2.53483769E-02 +3.41936750E+02
1.05447910E+03 2.54148335E-02 +3.44841260E+02
1.05437850E+03 2.62067726E-02 +3.47737520E+02
1.05427790E+03 2.82116728E-02 +3.50629630E+02
1.05417740E+03 2.98509321E-02 +3.53531760E+02
1.05407680E+03 2.99586455E-02 +3.56417630E+02
1.05397630E+03 3.00193011E-02 +3.59283140E+02
1.05387580E+03 3.12357034E-02 +3.62171550E+02
1.05377530E+03 3.29101884E-02 +3.65079080E+02
1.05367480E+03 3.47355682E-02 +3.67970050E+02
1.05357440E+03 3.68703241E-02 +3.70849330E+02
1.05347400E+03 3.90989987E-02 +3.73729000E+02
1.05337360E+03 4.12608992E-02 +3.76608860E+02
1.05327320E+03 4.31375811E-02 +3.79490880E+02
1.05317280E+03 4.45913646E-02 +3.82382920E+02
1.05307240E+03 4.56824113E-02 +3.85283080E+02
1.05297210E+03 4.72941783E-02 +3.88169770E+02
1.05287180E+03 5.05027752E-02 +3.91046140E+02
1.05277150E+03 5.41231365E-02 +3.93933970E+02
1.05267120E+03 5.66171944E-02 +3.96817640E+02
1.05257100E+03 5.94136188E-02 +3.99685330E+02
1.05247070E+03 6.33510324E-02 +4.02565690E+02
1.05237050E+03 6.65370468E-02 +4.05452360E+02
1.05227030E+03 6.99363253E-02 +4.08314460E+02
1.05217010E+03 7.56263459E-02 +4.11190740E+02
1.05206990E+03 8.04309406E-02 +4.14104040E+02
1.05196980E+03 8.32924444E-02 +4.16996680E+02
1.05186970E+03 8.91100365E-02 +4.19859260E+02
1.05176960E+03 9.76839982E-02 +4.22754560E+02
1.05166950E+03 1.03314418E-01 +4.25675440E+02
1.05156940E+03 1.07423205E-01 +4.28570930E+02
1.05146940E+03 1.15843502E-01 +4.31456950E+02
1.05136930E+03 1.25904392E-01 +4.34372690E+02
1.05126930E+03 1.32001064E-01 +4.37288940E+02
1.05116930E+03 1.37703704E-01 +4.40178390E+02
1.05106940E+03 1.47456936E-01 +4.43078550E+02
1.05096940E+03 1.56306139E-01 +4.46006430E+02
1.05086950E+03 1.61035465E-01 +4.48918130E+02
1.05076960E+03 1.68199379E-01 +4.51800810E+02
1.05066970E+03 1.80053584E-01 +4.54704370E+02
1.05056980E+03 1.88424996E-01 +4.57633350E+02
1.05046990E+03 1.92468629E-01 +4.60538360E+02
1.05037010E+03 2.01612204E-01 +4.63420710E+02
1.05027030E+03 2.15312022E-01 +4.66330100E+02
1.05017050E+03 2.23672383E-01 +4.69253770E+02
1.05007070E+03 2.29190691E-01 +4.72146260E+02
1.04997090E+03 2.41801510E-01 +4.75027460E+02
1.04987120E+03 2.57107882E-01 +4.77939410E+02
1.04977140E+03 2.66356552E-01 +4.80859360E+02
1.04967170E+03 2.74948986E-01 +4.83753810E+02
1.04957210E+03 2.91359254E-01 +4.86644210E+02
1.04947240E+03 3.09343206E-01 +4.89560790E+02
1.04937270E+03 3.19950293E-01 +4.92482960E+02
1.04927310E+03 3.29875749E-01 +4.95383200E+02
1.04917350E+03 3.49231198E-01 +4.98282060E+02
1.04907390E+03 3.70778748E-01 +5.01204930E+02
1.04897430E+03 3.84272859E-01 +5.04129910E+02
1.04887480E+03 3.96728547E-01 +5.07035190E+02
1.04877520E+03 4.17835147E-01 +5.09941400E+02
1.04867570E+03 4.41436768E-01 +5.12868320E+02
1.04857620E+03 4.58714759E-01 +5.15799570E+02
1.04847670E+03 4.73988312E-01 +5.18716430E+02
1.04837730E+03 4.96389766E-01 +5.21629190E+02
1.04827780E+03 5.23464583E-01 +5.24557930E+02
1.04817840E+03 5.45266146E-01 +5.27498040E+02
1.04807900E+03 5.62336074E-01 +5.30429840E+02
1.04797960E+03 5.86214065E-01 +5.33352760E+02
1.04788030E+03 6.18801665E-01 +5.36287400E+02
1.04778090E+03 6.46135837E-01 +5.39237430E+02
1.04768160E+03 6.63343621E-01 +5.42181830E+02
1.04758230E+03 6.86289480E-01 +5.45115290E+02
1.04748300E+03 7.21993192E-01 +5.48060920E+02
1.04738370E+03 7.53645407E-01 +5.51024020E+02
1.04728440E+03 7.71837237E-01 +5.53980940E+02
1.04718520E+03 7.91804060E-01 +5.56923110E+02
1.04708600E+03 8.24177936E-01 +5.59874040E+02
1.04698680E+03 8.54486998E-01 +5.62845750E+02
1.04688760E+03 8.70586406E-01 +5.65817880E+02
1.04678850E+03 8.84529067E-01 +5.68774620E+02
1.04668930E+03 9.09735566E-01 +5.71732020E+02
1.04659020E+03 9.34875157E-01 +5.74708020E+02
1.04649110E+03 9.44532525E-01 +5.77690330E+02
1.04639200E+03 9.47694956E-01 +5.80659780E+02
1.04629290E+03 9.61067219E-01 +5.83625150E+02
1.04619390E+03 9.76264544E-01 +5.86606940E+02
1.04609490E+03 9.74505644E-01 +5.89599910E+02
1.04599590E+03 9.60398246E-01 +5.92585390E+02
1.04589690E+03 9.51832916E-01 +5.95565290E+02
1.04579790E+03 9.47420514E-01 +5.98557990E+02
1.04569890E+03 9.30233030E-01 +6.01566180E+02
1.04560000E+03 8.97527983E-01 +6.04575970E+02
1.04550110E+03 8.63412068E-01 +6.07583690E+02
1.04540220E+03 8.33951797E-01 +6.10603860E+02
1.04530330E+03 7.99435570E-01 +6.13645800E+02
1.04520450E+03 7.54404885E-01 +6.16701830E+02
1.04510560E+03 7.07425000E-01 +6.19765980E+02
1.04500680E+03 6.67152576E-01 +6.22847880E+02
1.04490800E+03 6.33459130E-01 +6.25958680E+02
1.04480920E+03 6.06542480E-01 +6.29095920E+02
1.04471040E+03 5.92105920E-01 +6.25966080E+02
1.04461170E+03 5.94667075E-01 +6.22843830E+02
1.04451300E+03 6.12687269E-01 +6.19721950E+02
1.04441420E+03 6.42522194E-01 +6.16590170E+02
1.04431560E+03 6.83744638E-01 +6.19722630E+02
1.04421690E+03 7.36129282E-01 +6.22837020E+02
1.04411820E+03 7.92608838E-01 +6.25939980E+02
1.04401960E+03 8.43132226E-01 +6.29031410E+02
1.04392100E+03 8.86535566E-01 +6.32106970E+02
1.04382240E+03 9.28943109E-01 +6.35171430E+02
1.04372380E+03 9.68852373E-01 +6.38237460E+02
1.04362520E+03 9.94465102E-01 +6.41308810E+02
1.04352670E+03 1.00000000E+00 +6.44376360E+02
1.04342820E+03 9.94596481E-01 +6.47434980E+02
1.04332970E+03 9.86931973E-01 +6.50496670E+02
1.04323120E+03 9.69215090E-01 +6.53576090E+02
1.04313270E+03 9.29393727E-01 +6.56670220E+02
1.04303430E+03 8.71368957E-01 +6.59766550E+02
1.04293580E+03 8.10626967E-01 +6.62867530E+02
1.04283740E+03 7.53784465E-01 +6.65996240E+02
1.04273900E+03 6.95724651E-01 +6.62889290E+02
1.04264060E+03 6.38063539E-01 +6.59827810E+02
1.04254230E+03 5.97197321E-01 +6.56794890E+02
1.04244390E+03 5.91735338E-01 +6.53772460E+02
1.04234560E+03 6.26776068E-01 +6.50745790E+02
1.04224730E+03 6.90461295E-01 +6.47698220E+02
1.04214900E+03 7.64233060E-01 +6.44612310E+02
1.04205080E+03 8.35706103E-01 +6.41481130E+02
1.04195250E+03 8.99953304E-01 +6.44598250E+02
1.04185430E+03 9.49914533E-01 +6.47699130E+02
1.04175610E+03 9.74623558E-01 +6.50795870E+02
1.04165790E+03 9.68203796E-01 +6.53893340E+02
1.04155970E+03 9.33021318E-01 +6.56998350E+02
1.04146160E+03 8.74825377E-01 +6.60123090E+02
1.04136340E+03 8.00767650E-01 +6.56997570E+02
1.04126530E+03 7.23584764E-01 +6.53915480E+02
1.04116720E+03 6.63377788E-01 +6.50883300E+02
1.04106920E+03 6.39515082E-01 +6.47892410E+02
1.04097110E+03 6.55860923E-01 +6.44907690E+02
1.04087300E+03 6.96089039E-01 +6.41890330E+02
1.04077500E+03 7.39847430E-01 +6.38826920E+02
1.04067700E+03 7.76585894E-01 +6.35727880E+02
1.04057900E+03 8.01053987E-01 +6.32614360E+02
1.04048110E+03 8.07622994E-01 +6.29505770E+02
1.04038310E+03 7.95129467E-01 +6.26412520E+02
1.04028520E+03 7.71449175E-01 +6.23336690E+02
1.04018730E+03 7.49060532E-01 +6.20275930E+02
1.04008940E+03 7.37161956E-01 +6.17226390E+02
1.03999150E+03 7.36895088E-01 +6.14182980E+02
1.03989360E+03 7.41895046E-01 +6.11138950E+02
1.03979580E+03 7.44182410E-01 +6.08088580E+02
1.03969800E+03 7.40422758E-01 +6.05031970E+02
1.03960020E+03 7.32454695E-01 +6.01976470E+02
1.03950240E+03 7.23141591E-01 +5.98931700E+02
1.03940460E+03 7.14193195E-01 +5.95900530E+02
1.03930690E+03 7.07754152E-01 +5.92875110E+02
1.03920920E+03 7.06845209E-01 +5.89844740E+02
1.03911140E+03 7.11424747E-01 +5.86808370E+02
1.03901370E+03 7.14911414E-01 +5.83773990E+02
1.03891610E+03 7.09581222E-01 +5.80746170E+02
1.03881840E+03 6.96261775E-01 +5.77722560E+02
1.03872080E+03 6.84765471E-01 +5.74701860E+02
1.03862320E+03 6.84108456E-01 +5.71688190E+02
1.03852560E+03 6.93268736E-01 +5.68682550E+02
1.03842800E+03 7.02649144E-01 +5.65676180E+02
1.03833040E+03 7.04739782E-01 +5.62658710E+02
1.03823290E+03 7.00888764E-01 +5.59629560E+02
1.03813530E+03 6.96189443E-01 +5.56600220E+02
1.03803780E+03 6.91482183E-01 +5.53585300E+02
1.03794030E+03 6.84366079E-01 +5.50589770E+02
1.03784290E+03 6.75016474E-01 +5.47604000E+02
1.03774540E+03 6.67420265E-01 +5.44612720E+02
1.03764800E+03 6.66050479E-01 +5.41611520E+02
1.03755060E+03 6.70523922E-01 +5.38611340E+02
1.03745320E+03 6.74306184E-01 +5.35622880E+02
1.03735580E+03 6.72146353E-01 +5.32642980E+02
1.03725840E+03 6.66393802E-01 +5.29659790E+02
1.03716110E+03 6.63436847E-01 +5.26667480E+02
1.03706380E+03 6.65646010E-01 +5.23673240E+02
1.03696640E+03 6.68517846E-01 +5.20687980E+02
1.03686920E+03 6.65877969E-01 +5.17714180E+02
1.03677190E+03 6.57281150E-01 +5.14745190E+02
1.03667460E+03 6.49691873E-01 +5.11772940E+02
1.03657740E+03 6.50120966E-01 +5.08796110E+02
1.03648020E+03 6.57021118E-01 +5.05821110E+02
1.03638300E+03 6.61522970E-01 +5.02853920E+02
1.03628580E+03 6.56991408E-01 +4.99892920E+02
1.03618860E+03 6.46290887E-01 +4.96932110E+02
1.03609150E+03 6.39638609E-01 +4.93969540E+02
1.03599440E+03 6.44066580E-01 +4.91008770E+02
1.03589730E+03 6.55019862E-01 +4.88052760E+02
1.03580020E+03 6.61052600E-01 +4.85099600E+02
1.03570310E+03 6.56382274E-01 +4.82143880E+02
1.03560610E+03 6.46311078E-01 +4.79182410E+02
1.03550900E+03 6.40567545E-01 +4.76220870E+02
1.03541200E+03 6.42853794E-01 +4.73270340E+02
1.03531500E+03 6.47580481E-01 +4.70332830E+02
1.03521800E+03 6.46401547E-01 +4.67397390E+02
1.03512110E+03 6.38286370E-01 +4.64453090E+02
1.03502410E+03 6.31182628E-01 +4.61500860E+02
1.03492720E+03 6.31698686E-01 +4.58552090E+02
1.03483030E+03 6.36758102E-01 +4.55616300E+02
1.03473340E+03 6.37640259E-01 +4.52691400E+02
1.03463650E+03 6.30182236E-01 +4.49765330E+02
1.03453970E+03 6.19674423E-01 +4.46827840E+02
1.03444280E+03 6.15388609E-01 +4.43883730E+02
1.03434600E+03 6.19871850E-01 +4.40950220E+02
1.03424920E+03 6.25555681E-01 +4.38035350E+02
1.03415240E+03 6.23518685E-01 +4.35127250E+02
1.03405570E+03 6.13218020E-01 +4.32208580E+02
1.03395890E+03 6.02985224E-01 +4.29276550E+02
1.03386220E+03 6.01059348E-01 +4.26346500E+02
1.03376550E+03 6.07001293E-01 +4.23432840E+02
1.03366880E+03 6.12817469E-01 +4.20531910E+02
1.03357210E+03 6.10992905E-01 +4.17628540E+02
1.03347550E+03 6.02554164E-01 +4.14712730E+02
1.03337890E+03 5.96420431E-01 +4.11789740E+02
1.03328220E+03 5.98255965E-01 +4.08875530E+02
1.03318560E+03 6.03569408E-01 +4.05978200E+02
1.03308910E+03 6.04552826E-01 +4.03088690E+02
1.03299250E+03 5.99511451E-01 +4.00191820E+02
1.03289590E+03 5.93522316E-01 +3.97281830E+02
1.03279940E+03 5.91906099E-01 +3.94367840E+02
1.03270290E+03 5.94591860E-01 +3.91464900E+02
1.03260640E+03 5.96955015E-01 +3.88578320E+02
1.03250990E+03 5.95211374E-01 +3.85697860E+02
1.03241350E+03 5.90464410E-01 +3.82808090E+02
1.03231710E+03 5.87686524E-01 +3.79905600E+02
1.03222060E+03 5.89568554E-01 +3.77003760E+02
1.03212420E+03 5.92214438E-01 +3.74116480E+02
1.03202790E+03 5.89771023E-01 +3.71241910E+02
1.03193150E+03 5.81730367E-01 +3.68366180E+02
1.03183510E+03 5.73937497E-01 +3.65479860E+02
1.03173880E+03 5.72469012E-01 +3.62588970E+02
1.03164250E+03 5.76590817E-01 +3.59706560E+02
1.03154620E+03 5.79152761E-01 +3.56836060E+02
1.03144990E+03 5.74545168E-01 +3.53970100E+02
1.03135370E+03 5.65302335E-01 +3.51100550E+02
1.03125740E+03 5.59292741E-01 +3.48224850E+02
1.03116120E+03 5.60165618E-01 +3.45347610E+02
1.03106500E+03 5.63195295E-01 +3.42477400E+02
1.03096880E+03 5.61715684E-01 +3.39618260E+02
1.03087270E+03 5.55206151E-01 +3.36764520E+02
1.03077650E+03 5.49013807E-01 +3.33906050E+02
1.03068040E+03 5.48104233E-01 +3.31039720E+02
1.03058430E+03 5.52299756E-01 +3.28173810E+02
1.03048820E+03 5.56477142E-01 +3.25317780E+02
1.03039210E+03 5.55429311E-01 +3.22470450E+02
1.03029600E+03 5.48852549E-01 +3.19621950E+02
1.03020000E+03 5.41655952E-01 +3.16765160E+02
1.03010400E+03 5.39189531E-01 +3.13904250E+02
1.03000800E+03 5.41686551E-01 +3.11049980E+02
1.02991200E+03 5.43827197E-01 +3.08207280E+02
1.02981600E+03 5.40527363E-01 +3.05372020E+02
1.02972010E+03 5.33000854E-01 +3.02536920E+02
1.02962410E+03 5.27805494E-01 +2.99696940E+02
1.02952820E+03 5.29145783E-01 +2.96852620E+02
1.02943230E+03 5.33846785E-01 +2.94010160E+02
1.02933640E+03 5.35429837E-01 +2.91175800E+02
1.02924060E+03 5.31551230E-01 +2.88349260E+02
1.02914470E+03 5.25594226E-01 +2.85522970E+02
1.02904890E+03 5.22099904E-01 +2.82690190E+02
1.02895310E+03 5.22812012E-01 +2.79853500E+02
1.02885730E+03 5.25655096E-01 +2.77021870E+02
1.02876150E+03 5.26384166E-01 +2.74201390E+02
1.02866580E+03 5.22917164E-01 +2.71389990E+02
1.02857000E+03 5.17483816E-01 +2.68578040E+02
1.02847430E+03 5.13957829E-01 +2.65756830E+02
1.02837860E+03 5.14709394E-01 +2.62929410E+02
1.02828290E+03 5.18908161E-01 +2.60108210E+02
1.02818720E+03 5.22470468E-01 +2.57300980E+02
1.02809160E+03 5.21662937E-01 +2.54501920E+02
1.02799600E+03 5.17156949E-01 +2.51696930E+02
1.02790030E+03 5.13292285E-01 +2.48878700E+02
1.02780480E+03 5.13316423E-01 +2.46056920E+02
1.02770920E+03 5.16144398E-01 +2.43248360E+02
1.02761360E+03 5.18608369E-01 +2.40457560E+02
1.02751810E+03 5.18596163E-01 +2.37671620E+02
1.02742250E+03 5.14877733E-01 +2.34874480E+02
1.02732700E+03 5.08633798E-01 +2.32065300E+02
1.02723160E+03 5.04951641E-01 +2.29258380E+02
1.02713610E+03 5.07924502E-01 +2.26465160E+02
1.02704060E+03 5.14343650E-01 +2.23682830E+02
1.02694520E+03 5.15864149E-01 +2.20902200E+02
1.02684980E+03 5.08948121E-01 +2.18118500E+02
1.02675440E+03 5.00174200E-01 +2.15332190E+02
1.02665900E+03 4.98826844E-01 +2.12544060E+02
1.02656360E+03 5.05156105E-01 +2.09755620E+02
1.02646830E+03 5.10522634E-01 +2.06974110E+02
1.02637290E+03 5.09210624E-01 +2.04206290E+02
1.02627760E+03 5.03976438E-01 +2.01445840E+02
1.02618230E+03 4.99649227E-01 +1.98676300E+02
1.02608710E+03 4.97866227E-01 +1.95891970E+02
1.02599180E+03 4.98462897E-01 +1.93107510E+02
1.02589660E+03 5.01310742E-01 +1.90340800E+02
1.02580130E+03 5.05197724E-01 +1.87590970E+02
1.02570610E+03 5.05731579E-01 +1.84841320E+02
1.02561090E+03 4.99520880E-01 +1.82081520E+02
1.02551580E+03 4.91384391E-01 +1.79315910E+02
1.02542060E+03 4.90204763E-01 +1.76551800E+02
1.02532550E+03 4.97035341E-01 +1.73791840E+02
1.02523040E+03 5.03664442E-01 +1.71039800E+02
1.02513530E+03 5.03807007E-01 +1.68299750E+02
1.02504020E+03 4.99195353E-01 +1.65564660E+02
1.02494510E+03 4.93424939E-01 +1.62819110E+02
1.02485010E+03 4.87906989E-01 +1.60061090E+02
1.02475500E+03 4.85367799E-01 +1.57307220E+02
1.02466000E+03 4.88736493E-01 +1.54569480E+02
1.02456500E+03 4.94618873E-01 +1.51841750E+02
1.02447010E+03 4.94901455E-01 +1.49115750E+02
1.02437510E+03 4.87895655E-01 +1.46391580E+02
1.02428020E+03 4.81182564E-01 +1.43667340E+02
1.02418520E+03 4.80707822E-01 +1.40934910E+02
1.02409030E+03 4.83671087E-01 +1.38195530E+02
1.02399540E+03 4.85166167E-01 +1.35465390E+02
1.02390060E+03 4.85584143E-01 +1.32754510E+02
1.02380570E+03 4.86085527E-01 +1.30050620E+02
1.02371090E+03 4.83064540E-01 +1.27338040E+02
1.02361610E+03 4.75417206E-01 +1.24618970E+02
1.02352130E+03 4.69552510E-01 +1.21903230E+02
1.02342650E+03 4.70723475E-01 +1.19192380E+02
1.02333170E+03 4.75166918E-01 +1.16485620E+02
1.02323700E+03 4.75867996E-01 +1.13788960E+02
1.02314220E+03 4.71884986E-01 +1.11104570E+02
1.02304750E+03 4.66777634E-01 +1.08420760E+02
1.02295280E+03 4.62249294E-01 +1.05725280E+02
1.02285820E+03 4.58904282E-01 +1.03022330E+02
1.02276350E+03 4.58858747E-01 +1.00325710E+02
1.02266890E+03 4.63114899E-01 +9.76423350E+01
1.02257420E+03 4.68500128E-01 +9.49687330E+01
1.02247960E+03 4.69213864E-01 +9.22985200E+01
1.02238500E+03 4.62504757E-01 +8.96288280E+01
1.02229050E+03 4.53112161E-01 +8.69583550E+01
1.02219590E+03 4.48792023E-01 +8.42821140E+01
1.02210140E+03 4.51065627E-01 +8.15986350E+01
1.02200680E+03 4.55352885E-01 +7.89203390E+01
1.02191230E+03 4.58774760E-01 +7.62613440E+01
1.02181790E+03 4.61501408E-01 +7.36178130E+01
1.02172340E+03 4.61497692E-01 +7.09729520E+01
1.02162890E+03 4.55912700E-01 +6.83192230E+01
1.02153450E+03 4.47754241E-01 +6.56627670E+01
1.02144010E+03 4.43867627E-01 +6.30099530E+01
1.02134570E+03 4.46129040E-01 +6.03618830E+01
1.02125130E+03 4.49565735E-01 +5.77225860E+01
1.02115700E+03 4.49450253E-01 +5.50993490E+01
1.02106260E+03 4.45634222E-01 +5.24912860E+01
1.02096830E+03 4.39775249E-01 +4.98854600E+01
1.02087400E+03 4.32303250E-01 +4.72682190E+01
1.02077970E+03 4.23914307E-01 +4.46389560E+01
1.02068540E+03 4.18345384E-01 +4.20093180E+01
1.02059110E+03 4.19618744E-01 +3.93876100E+01
1.02049690E+03 4.25653451E-01 +3.67734270E+01
1.02040270E+03 4.29792776E-01 +3.41686490E+01
1.02030850E+03 4.29070018E-01 +3.15781040E+01
1.02021430E+03 4.26311342E-01 +2.89975510E+01
1.02012010E+03 4.23975636E-01 +2.64132900E+01
1.02002600E+03 4.21067275E-01 +2.38200840E+01
1.01993180E+03 4.17982966E-01 +2.12289760E+01
1.01983770E+03 4.18239716E-01 +1.86499240E+01
1.01974360E+03 4.21590643E-01 +1.60811670E+01
1.01964950E+03 4.22683570E-01 +1.35219730E+01
1.01955540E+03 4.18114996E-01 +1.09753850E+01
1.01946140E+03 4.08336063E-01 +8.43916540E+00
1.01936740E+03 3.95358786E-01 +5.90486320E+00
1.01927330E+03 3.80965838E-01 +3.36254340E+00
1.01917930E+03 3.66492879E-01 +8.10541690E-01
1.01908540E+03 3.55098676E-01 -1.74344130E+00
1.01899140E+03 3.49515794E-01 -4.29366370E+00
1.01889750E+03 3.47912518E-01 -6.83760370E+00
1.01880350E+03 3.45795937E-01 -9.37036400E+00
1.01870960E+03 3.40838906E-01 -1.18874870E+01
1.01861570E+03 3.34320116E-01 -1.43921470E+01
1.01852180E+03 3.27682545E-01 -1.68956730E+01
1.01842800E+03 3.20358892E-01 -1.94038720E+01
1.01833410E+03 3.13025443E-01 -2.19111220E+01
1.01824030E+03 3.08065498E-01 -2.44100170E+01
1.01814650E+03 3.06624883E-01 -2.68950320E+01
1.01805270E+03 3.07677077E-01 -2.93629400E+01
1.01795900E+03 3.07924781E-01 -3.18137300E+01
1.01786520E+03 3.04015954E-01 -3.42452320E+01
1.01777150E+03 2.96454632E-01 -3.66574830E+01
1.01767770E+03 2.87032928E-01 -3.90623870E+01
1.01758400E+03 2.74768302E-01 -4.14699900E+01
1.01749030E+03 2.59987227E-01 -4.38772790E+01
1.01739670E+03 2.45525156E-01 -4.62835460E+01
1.01730300E+03 2.32796602E-01 -4.86911450E+01
1.01720940E+03 2.22608461E-01 -5.10985080E+01
1.01711580E+03 2.14322404E-01 -5.35057080E+01
1.01702220E+03 2.05788510E-01 -5.59021300E+01
1.01692860E+03 1.97838060E-01 -5.82750830E+01
1.01683500E+03 1.91091096E-01 -6.06337390E+01
1.01674150E+03 1.82598297E-01 -6.29880100E+01
1.01664790E+03 1.70769933E-01 -6.53323990E+01
1.01655440E+03 1.57456222E-01 -6.76648780E+01
1.01646090E+03 1.44189885E-01 -6.99996240E+01
1.01636750E+03 1.30249088E-01 -7.23463230E+01
1.01627400E+03 1.16565462E-01 -7.46979350E+01
1.01618050E+03 1.05307891E-01 -7.70578410E+01
1.01608710E+03 9.66320159E-02 -7.94303450E+01
1.01599370E+03 9.06098372E-02 -8.18045840E+01
1.01590030E+03 8.69443517E-02 -8.41700180E+01
1.01580690E+03 8.48861479E-02 -8.65093030E+01
1.01571360E+03 8.43243624E-02 -8.88222080E+01
1.01562020E+03 8.30722685E-02 -9.11208010E+01
1.01552690E+03 7.98289002E-02 -9.33901920E+01
1.01543360E+03 7.61199120E-02 -9.56403540E+01
1.01534030E+03 7.09604735E-02 -9.79040850E+01
1.01524700E+03 6.32834718E-02 -1.00174600E+02
1.01515380E+03 5.49821289E-02 -1.02444720E+02
1.01506050E+03 4.73769258E-02 -1.04737310E+02
1.01496730E+03 4.07886761E-02 -1.07073240E+02
1.01487410E+03 3.57135380E-02 -1.09464060E+02
1.01478090E+03 3.27040701E-02 -1.11891170E+02
1.01468770E+03 3.22479457E-02 -1.14311240E+02
1.01459460E+03 3.32757870E-02 -1.16687300E+02
1.01450150E+03 3.46580294E-02 -1.18976690E+02
1.01440830E+03 3.69076320E-02 -1.21209200E+02
1.01431520E+03 3.82698759E-02 -1.23443360E+02
1.01422210E+03 3.74136566E-02 -1.25650990E+02
1.01412910E+03 3.58705464E-02 -1.27823640E+02
1.01403600E+03 3.41362154E-02 -1.30004500E+02
1.01394300E+03 3.08626060E-02 -1.32219040E+02
1.01385000E+03 2.59176031E-02 -1.34427810E+02
1.01375700E+03 2.17413919E-02 -1.36653740E+02
1.01366400E+03 1.76488416E-02 -1.39018900E+02
1.01357100E+03 1.32595984E-02 -1.41492870E+02
1.01347810E+03 1.13076054E-02 -1.44021680E+02
1.01338510E+03 1.26692632E-02 -1.46589930E+02
1.01329220E+03 1.57175189E-02 -1.49066510E+02
1.01319930E+03 1.89092932E-02 -1.51383230E+02
1.01310650E+03 2.22502274E-02 -1.53586400E+02
1.01301360E+03 2.51765156E-02 -1.55770820E+02
1.01292070E+03 2.61751932E-02 -1.57931990E+02
1.01282790E+03 2.61341193E-02 -1.60058530E+02
1.01273510E+03 2.48957810E-02 -1.62198060E+02
1.01264230E+03 2.20008548E-02 -1.64321950E+02
1.01254950E+03 1.87632020E-02 -1.66426570E+02
1.01245680E+03 1.52487127E-02 -1.68573820E+02
1.01236400E+03 1.06878482E-02 -1.70807030E+02
1.01227130E+03 5.56545254E-03 -1.73173070E+02
1.01217860E+03 2.75260744E-03 -1.70086540E+02
1.01208590E+03 6.31228255E-03 -1.73167640E+02
1.01199320E+03 1.11682555E-02 -1.75541640E+02
1.01190050E+03 1.49771766E-02 -1.77747770E+02
1.01180790E+03 1.82016062E-02 -1.79872560E+02
1.01171530E+03 2.07210772E-02 -1.81997480E+02
1.01162270E+03 2.16340678E-02 -1.84110700E+02
1.01153010E+03 2.15604216E-02 -1.86198740E+02
1.01143750E+03 2.04590063E-02 -1.88304220E+02
1.01134490E+03 1.76259729E-02 -1.90415870E+02
1.01125240E+03 1.36370110E-02 -1.92505150E+02
1.01115990E+03 9.12015400E-03 -1.94586870E+02
1.01106740E+03 4.12613112E-03 -1.96716260E+02
1.01097490E+03 1.30918677E-03 -1.95212660E+02
1.01088240E+03 6.68941956E-03 -1.97584010E+02
1.01078990E+03 1.14179827E-02 -1.99742030E+02
1.01069750E+03 1.47636703E-02 -2.01829490E+02
1.01060510E+03 1.79614905E-02 -2.03881610E+02
1.01051270E+03 2.06604184E-02 -2.05986080E+02
1.01042030E+03 2.14876606E-02 -2.08107260E+02
1.01032790E+03 2.08040607E-02 -2.10197310E+02
1.01023560E+03 1.94934958E-02 -2.12268970E+02
1.01014320E+03 1.72386522E-02 -2.14366990E+02
1.01005090E+03 1.31392728E-02 -2.16484830E+02
1.00995860E+03 7.62722623E-03 -2.18504080E+02
1.00986630E+03 3.29534611E-03 -2.20061290E+02
1.00977400E+03 2.40596261E-03 -2.20337870E+02
1.00968180E+03 8.14691788E-03 -2.21840770E+02
1.00958950E+03 1.36123418E-02 -2.23961700E+02
1.00949730E+03 1.71751399E-02 -2.26039610E+02
1.00940510E+03 2.01314729E-02 -2.28123950E+02
1.00931290E+03 2.12409536E-02 -2.30220550E+02
1.00922080E+03 2.14275617E-02 -2.32309880E+02
1.00912860E+03 1.99653595E-02 -2.34455760E+02
1.00903650E+03 1.60984328E-02 -2.36603110E+02
1.00894440E+03 1.12531858E-02 -2.38713830E+02
1.00885230E+03 6.58220054E-03 -2.40826460E+02
1.00876020E+03 2.31444384E-03 -2.43625420E+02
1.00866810E+03 5.52437616E-03 -2.41285880E+02
1.00857600E+03 1.08613466E-02 -2.43661670E+02
1.00848400E+03 1.51677282E-02 -2.45800800E+02
1.00839200E+03 1.89865911E-02 -2.47915510E+02
1.00830000E+03 2.10629077E-02 -2.50026440E+02
1.00820800E+03 2.20468882E-02 -2.52106980E+02
1.00811600E+03 2.17109385E-02 -2.54224050E+02
1.00802410E+03 1.89189133E-02 -2.56321850E+02
1.00793220E+03 1.59581735E-02 -2.58397240E+02
1.00784020E+03 1.12276917E-02 -2.60597070E+02
1.00774830E+03 4.28374999E-03 -2.62702760E+02
1.00765650E+03 1.30672365E-03 -2.62317420E+02
1.00756460E+03 6.39894233E-03 -2.63762320E+02
1.00747270E+03 1.23990931E-02 -2.65865370E+02
1.00738090E+03 1.66899170E-02 -2.68011920E+02
1.00728910E+03 1.93107229E-02 -2.70112700E+02
1.00719730E+03 2.08074496E-02 -2.72214900E+02
1.00710550E+03 2.00384246E-02 -2.74336690E+02
1.00701370E+03 1.73359404E-02 -2.76415270E+02
1.00692200E+03 1.39953689E-02 -2.78502250E+02
1.00683020E+03 9.04108528E-03 -2.80652710E+02
1.00673850E+03 3.25677862E-03 -2.82944270E+02
1.00664680E+03 3.42047277E-03 -2.81309140E+02
1.00655510E+03 9.15137618E-03 -2.83660370E+02
1.00646350E+03 1.37364788E-02 -2.85762800E+02
1.00637180E+03 1.83750956E-02 -2.87855040E+02
1.00628020E+03 2.13105394E-02 -2.89998430E+02
1.00618860E+03 2.19184103E-02 -2.92105810E+02
1.00609700E+03 2.15979369E-02 -2.94194250E+02
1.00600540E+03 1.98580450E-02 -2.96318670E+02
1.00591380E+03 1.61339905E-02 -2.98471330E+02
1.00582230E+03 1.11329313E-02 -3.00657800E+02
1.00573070E+03 5.89062840E-03 -3.03028050E+02
1.00563920E+03 3.65003699E-03 -3.00145720E+02
1.00554770E+03 8.40890718E-03 -3.03063060E+02
1.00545620E+03 1.33156104E-02 -3.05399800E+02
1.00536480E+03 1.63776747E-02 -3.07548010E+02
1.00527330E+03 1.94193164E-02 -3.09637680E+02
1.00518190E+03 2.06719119E-02 -3.11799800E+02
1.00509050E+03 1.88236861E-02 -3.13899220E+02
1.00499910E+03 1.71572090E-02 -3.15951650E+02
1.00490770E+03 1.36502641E-02 -3.18094060E+02
1.00481630E+03 8.24971357E-03 -3.20096700E+02
1.00472500E+03 4.47695778E-03 -3.21911700E+02
1.00463360E+03 9.07396909E-04 -3.22261590E+02
1.00454230E+03 5.79806381E-03 -3.23418980E+02
1.00445100E+03 9.89150610E-03 -3.25484380E+02
1.00435970E+03 1.27582158E-02 -3.27552370E+02
1.00426850E+03 1.43547490E-02 -3.29610810E+02
1.00417720E+03 1.50158823E-02 -3.31679700E+02
1.00408600E+03 1.38491076E-02 -3.33785380E+02
1.00399480E+03 1.10038084E-02 -3.35825250E+02
1.00390360E+03 8.04600137E-03 -3.37830150E+02
1.00381240E+03 3.62868158E-03 -3.39824580E+02
1.00372120E+03 2.50798184E-03 -3.39774710E+02
1.00363010E+03 6.23400385E-03 -3.41560880E+02
1.00353890E+03 9.16807128E-03 -3.43433210E+02
1.00344780E+03 1.27540170E-02 -3.45420130E+02
1.00335670E+03 1.49582028E-02 -3.47521280E+02
1.00326560E+03 1.51215092E-02 -3.49610380E+02
1.00317460E+03 1.41016942E-02 -3.51695980E+02
1.00308350E+03 1.16140518E-02 -3.53789850E+02
1.00299250E+03 8.49988118E-03 -3.55858810E+02
1.00290140E+03 4.79310703E-03 -3.58034490E+02
1.00281040E+03 5.28014555E-04 -3.60982360E+02
1.00271950E+03 3.43125240E-03 -3.58797050E+02
1.00262850E+03 7.76331102E-03 -3.60880500E+02
1.00253750E+03 1.14442169E-02 -3.63065080E+02
1.00244660E+03 1.34954207E-02 -3.65163990E+02
1.00235570E+03 1.52872499E-02 -3.67247920E+02
1.00226480E+03 1.55185689E-02 -3.69371080E+02
1.00217390E+03 1.41481744E-02 -3.71461180E+02
1.00208300E+03 1.20819998E-02 -3.73532750E+02
1.00199220E+03 9.42234307E-03 -3.75642470E+02
1.00190130E+03 5.76890102E-03 -3.77895310E+02
1.00181050E+03 1.76475027E-03 -3.80920180E+02
1.00171970E+03 3.90101679E-03 -3.78402340E+02
1.00162890E+03 7.08550422E-03 -3.80596540E+02
1.00153810E+03 1.04215949E-02 -3.82648270E+02
1.00144740E+03 1.32201766E-02 -3.84741710E+02
1.00135660E+03 1.49116190E-02 -3.86826180E+02
1.00126590E+03 1.53760866E-02 -3.88945390E+02
1.00117520E+03 1.33491475E-02 -3.91046770E+02
1.00108450E+03 1.09666152E-02 -3.93021270E+02
1.00099390E+03 8.95005955E-03 -3.95083390E+02
1.00090320E+03 4.90810228E-03 -3.97292280E+02
1.00081260E+03 2.26243371E-04 -3.95099520E+02
1.00072190E+03 4.40496629E-03 -3.92027980E+02
1.00063130E+03 8.02551263E-03 -3.94068960E+02
1.00054070E+03 1.13548487E-02 -3.96131730E+02
1.00045020E+03 1.32403017E-02 -3.98216360E+02
1.00035960E+03 1.41345230E-02 -4.00240010E+02
1.00026910E+03 1.45757686E-02 -4.02311250E+02
1.00017850E+03 1.27741759E-02 -4.04413600E+02
1.00008800E+03 9.68317438E-03 -4.06437500E+02
9.99997530E+02 6.33240341E-03 -4.08398260E+02
9.99907060E+02 2.72798944E-03 -4.10153390E+02
9.99816600E+02 2.13669563E-03 -4.10197780E+02
9.99726150E+02 5.90928295E-03 -4.11849920E+02
9.99635720E+02 9.38254193E-03 -4.13858380E+02
9.99545310E+02 1.13650513E-02 -4.15929210E+02
9.99454920E+02 1.20390780E-02 -4.17930680E+02
9.99364540E+02 1.24906597E-02 -4.19967680E+02
9.99274180E+02 1.08411554E-02 -4.22037730E+02
9.99183830E+02 8.52676785E-03 -4.23980910E+02
9.99093500E+02 6.11414033E-03 -4.25916600E+02
9.99003190E+02 3.48735774E-03 -4.27514720E+02
9.98912890E+02 2.92747663E-03 -4.28696610E+02
9.98822610E+02 4.52906359E-03 -4.30000590E+02
9.98732350E+02 6.94870463E-03 -4.31931440E+02
9.98642100E+02 7.82162988E-03 -4.33924970E+02
9.98551870E+02 8.35577662E-03 -4.35897050E+02
9.98461660E+02 7.86771193E-03 -4.37895040E+02
9.98371460E+02 7.13161062E-03 -4.39797550E+02
9.98281270E+02 6.01083081E-03 -4.41772470E+02
9.98191110E+02 3.95694617E-03 -4.43445830E+02
9.98100960E+02 4.12386081E-03 -4.44950260E+02
9.98010830E+02 3.77465071E-03 -4.46587930E+02
9.97920710E+02 4.94809307E-03 -4.48124550E+02
9.97830610E+02 5.89311641E-03 -4.50030940E+02
9.97740520E+02 6.46361888E-03 -4.51852310E+02
9.97650450E+02 6.95032208E-03 -4.53811700E+02
9.97560400E+02 6.29197878E-03 -4.55663750E+02
9.97470370E+02 6.46410133E-03 -4.57507340E+02
9.97380350E+02 5.49179388E-03 -4.59383770E+02
9.97290340E+02 5.24406016E-03 -4.61060630E+02
9.97200350E+02 4.80973534E-03 -4.62854660E+02
9.97110380E+02 4.86492210E-03 -4.64441070E+02
9.97020430E+02 5.11601691E-03 -4.66189430E+02
9.96930490E+02 6.29001447E-03 -4.67817380E+02
9.96840570E+02 7.63893409E-03 -4.69853860E+02
9.96750660E+02 6.45443685E-03 -4.71747660E+02
9.96660770E+02 6.88352599E-03 -4.73523110E+02
9.96570900E+02 6.07862986E-03 -4.75481420E+02
9.96481040E+02 5.28097652E-03 -4.77172070E+02
9.96391200E+02 4.68508495E-03 -4.78964280E+02
9.96301370E+02 4.37710555E-03 -4.80450350E+02
9.96211570E+02 4.76848016E-03 -4.82211770E+02
9.96121770E+02 5.15637402E-03 -4.83728050E+02
9.96032000E+02 7.07536642E-03 -4.85692470E+02
9.95942240E+02 6.09809757E-03 -4.87672160E+02
9.95852490E+02 6.25559837E-03 -4.89417440E+02
9.95762760E+02 5.65697932E-03 -4.91374540E+02
9.95673050E+02 5.03253862E-03 -4.93054970E+02
9.95583360E+02 4.42704800E-03 -4.94897710E+02
9.95493680E+02 4.19046227E-03 -4.96239080E+02
9.95404010E+02 5.69339178E-03 -4.98111650E+02
9.95314370E+02 5.26103640E-03 -4.99872360E+02
9.95224740E+02 6.59007041E-03 -5.01667170E+02
9.95135120E+02 6.23530504E-03 -5.03629700E+02
9.95045520E+02 6.27420258E-03 -5.05390480E+02
9.94955940E+02 5.83453083E-03 -5.07329980E+02
9.94866370E+02 5.01783469E-03 -5.08987720E+02
9.94776820E+02 4.77611107E-03 -5.10789020E+02
9.94687290E+02 4.28583364E-03 -5.12219530E+02
9.94597770E+02 5.89260180E-03 -5.14038540E+02
9.94508270E+02 5.34053509E-03 -5.15887720E+02
9.94418780E+02 6.29291411E-03 -5.17622690E+02
9.94329310E+02 6.42282500E-03 -5.19608840E+02
9.94239860E+02 6.24361834E-03 -5.21499200E+02
9.94150420E+02 5.21149758E-03 -5.23501890E+02
9.94061000E+02 4.03492788E-03 -5.25100050E+02
9.93971600E+02 3.72536736E-03 -5.26947250E+02
9.93882210E+02 3.02362045E-03 -5.28024630E+02
9.93792830E+02 5.87822584E-03 -5.29940860E+02
9.93703480E+02 5.49228468E-03 -5.31972260E+02
9.93614130E+02 6.22791723E-03 -5.33738710E+02
9.93524810E+02 6.21463169E-03 -5.35738500E+02
9.93435500E+02 6.22570687E-03 -5.37557680E+02
9.93346210E+02 5.32224004E-03 -5.39590880E+02
9.93256930E+02 4.04688016E-03 -5.40963310E+02
9.93167670E+02 5.20060718E-03 -5.42783310E+02
9.93078420E+02 4.44476557E-03 -5.44360620E+02
9.92989200E+02 6.06023993E-03 -5.46105090E+02
9.92899980E+02 5.99638116E-03 -5.47895750E+02
9.92810790E+02 7.32932828E-03 -5.49749600E+02
9.92721610E+02 6.05605697E-03 -5.51677720E+02
9.92632440E+02 6.58122002E-03 -5.53269440E+02
9.92543290E+02 6.23935590E-03 -5.55251400E+02
9.92454160E+02 5.39956943E-03 -5.56754550E+02
9.92365040E+02 6.09563229E-03 -5.58512500E+02
9.92275940E+02 6.68447425E-03 -5.60120820E+02
9.92186860E+02 7.79341806E-03 -5.62120530E+02
9.92097790E+02 5.66642868E-03 -5.63862420E+02
9.92008740E+02 6.97731990E-03 -5.65478330E+02
9.91919700E+02 6.28028487E-03 -5.67380910E+02
9.91830680E+02 6.07794661E-03 -5.69021610E+02
9.91741670E+02 5.62505707E-03 -5.70763530E+02
9.91652690E+02 6.12478865E-03 -5.72416720E+02
9.91563710E+02 5.32750420E-03 -5.74245730E+02
