  wavelength    amplitude        phase
9.77108770E+02 6.87260460E-03 -9.70395370E+02
9.77166250E+02 4.39470545E-03 -9.70705370E+02
9.77223730E+02 1.30650163E-02 -9.68013210E+02
9.77281220E+02 1.65932770E-02 -9.65303040E+02
9.77338710E+02 1.40261545E-02 -9.62618390E+02
9.77396210E+02 6.64959668E-03 -9.60118560E+02
9.77453720E+02 4.72942872E-03 -9.59414560E+02
9.77511240E+02 1.18423296E-02 -9.57075380E+02
9.77568760E+02 1.42193105E-02 -9.54402690E+02
9.77626290E+02 1.06084386E-02 -9.51736190E+02
9.77683830E+02 3.27591010E-03 -9.49506590E+02
9.77741370E+02 6.55569844E-03 -9.48908210E+02
9.77798920E+02 1.27180989E-02 -9.46374650E+02
9.77856470E+02 1.46716393E-02 -9.43730790E+02
9.77914040E+02 1.17339345E-02 -9.41083220E+02
9.77971610E+02 4.65459354E-03 -9.38571840E+02
9.78029180E+02 5.14645247E-03 -9.38412270E+02
9.78086770E+02 1.33143937E-02 -9.35852310E+02
9.78144360E+02 1.72298920E-02 -9.33149150E+02
9.78201950E+02 1.51697485E-02 -9.30445950E+02
9.78259560E+02 8.09826117E-03 -9.27852820E+02
9.78317170E+02 2.89033074E-03 -9.26980830E+02
9.78374790E+02 9.56309124E-03 -9.25014970E+02
9.78432410E+02 1.28205554E-02 -9.22444230E+02
9.78490040E+02 1.12990911E-02 -9.19923090E+02
9.78547680E+02 7.18001762E-03 -9.17765390E+02
9.78605320E+02 7.92063627E-03 -9.16184960E+02
9.78662970E+02 1.31211322E-02 -9.13934920E+02
9.78720630E+02 1.58597777E-02 -9.11354700E+02
9.78778300E+02 1.37648066E-02 -9.08659630E+02
9.78835970E+02 6.99748133E-03 -9.05823600E+02
9.78893650E+02 3.27248377E-03 -9.07065170E+02
9.78951330E+02 1.17426288E-02 -9.03925870E+02
9.79009020E+02 1.68466810E-02 -9.01180460E+02
9.79066720E+02 1.70490387E-02 -8.98534910E+02
9.79124430E+02 1.36123866E-02 -8.96044820E+02
9.79182140E+02 1.01243084E-02 -8.93837730E+02
9.79239860E+02 9.65014150E-03 -8.91746260E+02
9.79297590E+02 9.60237481E-03 -8.89405960E+02
9.79355320E+02 6.85809791E-03 -8.86916930E+02
9.79413060E+02 1.51576957E-03 -8.84939280E+02
9.79470810E+02 6.19288648E-03 -8.84436550E+02
9.79528560E+02 1.25141788E-02 -8.81843910E+02
9.79586320E+02 1.60892060E-02 -8.79171980E+02
9.79644090E+02 1.57969263E-02 -8.76476880E+02
9.79701860E+02 1.17799236E-02 -8.73756330E+02
9.79759640E+02 5.30742828E-03 -8.70908450E+02
9.79817430E+02 2.79071767E-03 -8.72290680E+02
9.79875220E+02 8.51715903E-03 -8.69211630E+02
9.79933020E+02 1.15880240E-02 -8.66534070E+02
9.79990830E+02 1.12841575E-02 -8.64005280E+02
9.80048650E+02 9.53183440E-03 -8.61728270E+02
9.80106470E+02 9.64241147E-03 -8.59599740E+02
9.80164290E+02 1.03778061E-02 -8.57258580E+02
9.80222130E+02 8.51803452E-03 -8.54775690E+02
9.80279970E+02 3.78540077E-03 -8.52470080E+02
9.80337820E+02 3.80720317E-03 -8.51992600E+02
9.80395680E+02 9.91584560E-03 -8.49708080E+02
9.80453540E+02 1.45635428E-02 -8.47171070E+02
9.80511410E+02 1.63800131E-02 -8.44585370E+02
9.80569280E+02 1.44574787E-02 -8.41980050E+02
9.80627170E+02 8.91086848E-03 -8.39408300E+02
9.80685060E+02 1.89833543E-03 -8.37582190E+02
9.80742950E+02 6.63415368E-03 -8.36865220E+02
9.80800860E+02 1.16817922E-02 -8.34398480E+02
9.80858770E+02 1.37201676E-02 -8.31929220E+02
9.80916680E+02 1.36065220E-02 -8.29551810E+02
9.80974610E+02 1.29720873E-02 -8.27261250E+02
9.81032540E+02 1.23682784E-02 -8.24974840E+02
9.81090480E+02 1.08257817E-02 -8.22648730E+02
9.81148420E+02 7.48240917E-03 -8.20379430E+02
9.81206370E+02 3.99331016E-03 -8.18801770E+02
9.81264330E+02 8.41302728E-03 -8.17391600E+02
9.81322300E+02 1.57170013E-02 -8.15030640E+02
9.81380270E+02 2.11648466E-02 -8.12479690E+02
9.81438250E+02 2.24064859E-02 -8.09879960E+02
9.81496230E+02 1.86938062E-02 -8.07292310E+02
9.81554220E+02 1.12709019E-02 -8.04809360E+02
9.81612220E+02 3.86981317E-03 -8.03105850E+02
9.81670230E+02 8.40230266E-03 -8.02021650E+02
9.81728240E+02 1.51054371E-02 -7.99683670E+02
9.81786260E+02 1.90808270E-02 -7.97221270E+02
9.81844290E+02 1.95432848E-02 -7.94777230E+02
9.81902320E+02 1.75105922E-02 -7.92433050E+02
9.81960360E+02 1.54164957E-02 -7.90220020E+02
9.82018410E+02 1.43021768E-02 -7.88049500E+02
9.82076460E+02 1.30010642E-02 -7.85883810E+02
9.82134520E+02 1.16865555E-02 -7.83825960E+02
9.82192590E+02 1.23305904E-02 -7.81843370E+02
9.82250670E+02 1.48426797E-02 -7.79728210E+02
9.82308750E+02 1.73138078E-02 -7.77464630E+02
9.82366840E+02 1.82334755E-02 -7.75122210E+02
9.82424930E+02 1.67416069E-02 -7.72774610E+02
9.82483030E+02 1.33448556E-02 -7.70540580E+02
9.82541140E+02 1.09500151E-02 -7.68577090E+02
9.82599260E+02 1.25119435E-02 -7.66651060E+02
9.82657380E+02 1.53894935E-02 -7.64474000E+02
9.82715510E+02 1.69447697E-02 -7.62199750E+02
9.82773650E+02 1.74854262E-02 -7.59937950E+02
9.82831790E+02 1.79234324E-02 -7.57673660E+02
9.82889940E+02 1.77002107E-02 -7.55367540E+02
9.82948100E+02 1.58203985E-02 -7.53055210E+02
9.83006260E+02 1.25667617E-02 -7.50840710E+02
9.83064430E+02 1.00376038E-02 -7.48880490E+02
9.83122610E+02 1.13685171E-02 -7.47037270E+02
9.83180800E+02 1.55641540E-02 -7.44907060E+02
9.83238990E+02 1.94083042E-02 -7.42569240E+02
9.83297190E+02 2.11650322E-02 -7.40155340E+02
9.83355390E+02 2.03614982E-02 -7.37732490E+02
9.83413610E+02 1.73700236E-02 -7.35347430E+02
9.83471820E+02 1.31452680E-02 -7.33067890E+02
9.83530050E+02 9.43944771E-03 -7.31032890E+02
9.83588280E+02 9.00176988E-03 -7.29254590E+02
9.83646520E+02 1.19478584E-02 -7.27269750E+02
9.83704770E+02 1.54459325E-02 -7.25030240E+02
9.83763020E+02 1.78280089E-02 -7.22688460E+02
9.83821280E+02 1.86177974E-02 -7.20325070E+02
9.83879550E+02 1.80897244E-02 -7.17974980E+02
9.83937830E+02 1.65878745E-02 -7.15642530E+02
9.83996110E+02 1.39857713E-02 -7.13344320E+02
9.84054400E+02 1.06710374E-02 -7.11195530E+02
9.84112690E+02 9.53501547E-03 -7.09340160E+02
9.84170990E+02 1.25373997E-02 -7.07346300E+02
9.84229300E+02 1.59650133E-02 -7.05051420E+02
9.84287620E+02 1.74084600E-02 -7.02670250E+02
9.84345940E+02 1.71784636E-02 -7.00308910E+02
9.84404270E+02 1.62348551E-02 -6.97972780E+02
9.84462610E+02 1.45608283E-02 -6.95646020E+02
9.84520950E+02 1.20467581E-02 -6.93379830E+02
9.84579300E+02 9.86291265E-03 -6.91275490E+02
9.84637660E+02 9.69653268E-03 -6.89276780E+02
9.84696020E+02 1.10921477E-02 -6.87161560E+02
9.84754390E+02 1.26383211E-02 -6.84922790E+02
9.84812770E+02 1.37993224E-02 -6.82619240E+02
9.84871160E+02 1.42995577E-02 -6.80277240E+02
9.84929550E+02 1.38356319E-02 -6.77920060E+02
9.84987950E+02 1.22722577E-02 -6.75589450E+02
9.85046350E+02 1.00457528E-02 -6.73367350E+02
9.85104770E+02 8.58770301E-03 -6.71355120E+02
9.85163190E+02 9.74353268E-03 -6.69417330E+02
9.85221610E+02 1.30853613E-02 -6.67256860E+02
9.85280050E+02 1.65260703E-02 -6.64899760E+02
9.85338490E+02 1.83096608E-02 -6.62454010E+02
9.85396930E+02 1.75573190E-02 -6.60003280E+02
9.85455390E+02 1.47524750E-02 -6.57633920E+02
9.85513850E+02 1.17736027E-02 -6.55442510E+02
9.85572320E+02 1.07974955E-02 -6.53407860E+02
9.85630790E+02 1.16590493E-02 -6.51308490E+02
9.85689270E+02 1.24819578E-02 -6.49114080E+02
9.85747760E+02 1.30522826E-02 -6.46930200E+02
9.85806260E+02 1.44478656E-02 -6.44742730E+02
9.85864760E+02 1.63930223E-02 -6.42466200E+02
9.85923270E+02 1.74856544E-02 -6.40112270E+02
9.85981790E+02 1.69426347E-02 -6.37739620E+02
9.86040310E+02 1.48128394E-02 -6.35408620E+02
9.86098840E+02 1.19657311E-02 -6.33213720E+02
9.86157380E+02 1.07352438E-02 -6.31243430E+02
9.86215920E+02 1.31307471E-02 -6.29233010E+02
9.86274480E+02 1.69542331E-02 -6.26959900E+02
9.86333030E+02 1.92460705E-02 -6.24543870E+02
9.86391600E+02 1.87233678E-02 -6.22106540E+02
9.86450170E+02 1.59245166E-02 -6.19747300E+02
9.86508750E+02 1.29553969E-02 -6.17565820E+02
9.86567340E+02 1.23180542E-02 -6.15529030E+02
9.86625930E+02 1.38788843E-02 -6.13397210E+02
9.86684530E+02 1.52943941E-02 -6.11122260E+02
9.86743140E+02 1.51347273E-02 -6.08805970E+02
9.86801750E+02 1.36433313E-02 -6.06555770E+02
9.86860370E+02 1.24511156E-02 -6.04435800E+02
9.86919000E+02 1.30580358E-02 -6.02366670E+02
9.86977640E+02 1.53352137E-02 -6.00199360E+02
9.87036280E+02 1.79528480E-02 -5.97891180E+02
9.87094930E+02 1.92128863E-02 -5.95481600E+02
9.87153580E+02 1.78990301E-02 -5.93035780E+02
9.87212250E+02 1.39946475E-02 -5.90644720E+02
9.87270920E+02 9.27324868E-03 -5.88519750E+02
9.87329590E+02 8.74429757E-03 -5.86841890E+02
9.87388280E+02 1.33438683E-02 -5.84791750E+02
9.87446970E+02 1.78371388E-02 -5.82411610E+02
9.87505660E+02 2.01927319E-02 -5.79942610E+02
9.87564370E+02 2.01288566E-02 -5.77451990E+02
9.87623080E+02 1.75433466E-02 -5.74956910E+02
9.87681800E+02 1.23501231E-02 -5.72510130E+02
9.87740530E+02 5.97749780E-03 -5.70457310E+02
9.87799260E+02 7.24036953E-03 -5.69322100E+02
9.87858000E+02 1.46515368E-02 -5.67122470E+02
9.87916740E+02 2.12548625E-02 -5.64637870E+02
9.87975500E+02 2.54669973E-02 -5.62084750E+02
9.88034260E+02 2.62450047E-02 -5.59504740E+02
9.88093030E+02 2.31415166E-02 -5.56922420E+02
9.88151800E+02 1.65636808E-02 -5.54362630E+02
9.88210580E+02 7.33931434E-03 -5.51922300E+02
9.88269370E+02 4.82957110E-03 -5.51702270E+02
9.88328170E+02 1.63606449E-02 -5.49379820E+02
9.88386970E+02 2.64202260E-02 -5.46774590E+02
9.88445780E+02 3.27062303E-02 -5.44135780E+02
9.88504600E+02 3.41156035E-02 -5.41490550E+02
9.88563420E+02 3.05254312E-02 -5.38843910E+02
9.88622250E+02 2.25619820E-02 -5.36193320E+02
9.88681090E+02 1.14406534E-02 -5.33516040E+02
9.88739930E+02 1.71235852E-03 -5.34747080E+02
9.88798780E+02 1.42800014E-02 -5.37845330E+02
9.88857640E+02 2.57259544E-02 -5.35183180E+02
9.88916510E+02 3.41768211E-02 -5.32532400E+02
9.88975380E+02 3.80063560E-02 -5.29879900E+02
9.89034260E+02 3.63667568E-02 -5.27232220E+02
9.89093150E+02 2.97339256E-02 -5.24599300E+02
9.89152040E+02 1.94921012E-02 -5.21991160E+02
9.89210940E+02 7.23543565E-03 -5.19471510E+02
9.89269850E+02 5.84176977E-03 -5.19636680E+02
9.89328760E+02 1.76865421E-02 -5.17156310E+02
9.89387680E+02 2.72955901E-02 -5.14568230E+02
9.89446610E+02 3.35831535E-02 -5.11967570E+02
9.89505550E+02 3.58498940E-02 -5.09363190E+02
9.89564490E+02 3.37861347E-02 -5.06761110E+02
9.89623440E+02 2.77629143E-02 -5.04174430E+02
9.89682400E+02 1.88652286E-02 -5.01629070E+02
9.89741360E+02 8.43721625E-03 -4.99256610E+02
9.89800330E+02 5.26619701E-03 -4.98676160E+02
9.89859310E+02 1.58585655E-02 -4.96523710E+02
9.89918300E+02 2.49453880E-02 -4.93966930E+02
9.89977290E+02 3.03978705E-02 -4.91375150E+02
9.90036290E+02 3.20378417E-02 -4.88798700E+02
9.90095290E+02 3.05601525E-02 -4.86240170E+02
9.90154310E+02 2.61075336E-02 -4.83688470E+02
9.90213330E+02 1.85703985E-02 -4.81173170E+02
9.90272350E+02 9.48488719E-03 -4.78901430E+02
9.90331390E+02 6.66905098E-03 -4.77676860E+02
9.90390430E+02 1.35941598E-02 -4.75736270E+02
9.90449480E+02 2.02664301E-02 -4.73333190E+02
9.90508530E+02 2.50785512E-02 -4.70843690E+02
9.90567590E+02 2.75672315E-02 -4.68323250E+02
9.90626660E+02 2.74864881E-02 -4.65793840E+02
9.90685740E+02 2.49514643E-02 -4.63273190E+02
9.90744820E+02 2.03657318E-02 -4.60789210E+02
9.90803910E+02 1.47076521E-02 -4.58416200E+02
9.90863010E+02 1.02100749E-02 -4.56313760E+02
9.90922120E+02 9.72313036E-03 -4.54447180E+02
9.90981230E+02 1.24867862E-02 -4.52379540E+02
9.91040350E+02 1.60934533E-02 -4.50090370E+02
9.91099470E+02 1.91854197E-02 -4.47682430E+02
9.91158600E+02 2.07225008E-02 -4.45226320E+02
9.91217740E+02 2.04766257E-02 -4.42782280E+02
9.91276890E+02 1.92818407E-02 -4.40385910E+02
9.91336050E+02 1.80334306E-02 -4.38024400E+02
9.91395210E+02 1.65963496E-02 -4.35669020E+02
9.91454370E+02 1.45542289E-02 -4.33347210E+02
9.91513550E+02 1.26544889E-02 -4.31128980E+02
9.91572730E+02 1.23169452E-02 -4.28987540E+02
9.91631920E+02 1.34246583E-02 -4.26787210E+02
9.91691120E+02 1.49428153E-02 -4.24503420E+02
9.91750320E+02 1.64679917E-02 -4.22163730E+02
9.91809530E+02 1.77061294E-02 -4.19779710E+02
9.91868750E+02 1.82943420E-02 -4.17367630E+02
9.91927970E+02 1.79971853E-02 -4.14946620E+02
9.91987210E+02 1.67857451E-02 -4.12545200E+02
9.92046440E+02 1.52486616E-02 -4.10194930E+02
9.92105690E+02 1.40615447E-02 -4.07875150E+02
9.92164940E+02 1.26977793E-02 -4.05552180E+02
9.92224200E+02 1.07964147E-02 -4.03314610E+02
9.92283470E+02 1.03274305E-02 -4.01245930E+02
9.92342740E+02 1.24092188E-02 -3.99085540E+02
9.92402030E+02 1.48156056E-02 -3.96750780E+02
9.92461310E+02 1.66111183E-02 -3.94365440E+02
9.92520610E+02 1.81975655E-02 -3.91956040E+02
9.92579910E+02 1.92846371E-02 -3.89510460E+02
9.92639220E+02 1.93980303E-02 -3.87052340E+02
9.92698540E+02 1.86794778E-02 -3.84604940E+02
9.92757860E+02 1.72606106E-02 -3.82176890E+02
9.92817190E+02 1.52786528E-02 -3.79798470E+02
9.92876530E+02 1.35244553E-02 -3.77505810E+02
9.92935880E+02 1.27083555E-02 -3.75273460E+02
9.92995230E+02 1.27687490E-02 -3.73059640E+02
9.93054590E+02 1.39401862E-02 -3.70831320E+02
9.93113950E+02 1.60200100E-02 -3.68511560E+02
9.93173330E+02 1.75814971E-02 -3.66100850E+02
9.93232710E+02 1.77772461E-02 -3.63670680E+02
9.93292100E+02 1.70235334E-02 -3.61269830E+02
9.93351490E+02 1.59311261E-02 -3.58904870E+02
9.93410890E+02 1.47701290E-02 -3.56579310E+02
9.93470300E+02 1.40143651E-02 -3.54301020E+02
9.93529720E+02 1.41412496E-02 -3.52029940E+02
9.93589140E+02 1.47022648E-02 -3.49710640E+02
9.93648570E+02 1.48740146E-02 -3.47362100E+02
9.93708010E+02 1.47780932E-02 -3.45038020E+02
9.93767450E+02 1.51803208E-02 -3.42730260E+02
9.93826900E+02 1.59209155E-02 -3.40387810E+02
9.93886360E+02 1.62661972E-02 -3.38024300E+02
9.93945830E+02 1.64421677E-02 -3.35678980E+02
9.94005300E+02 1.70344507E-02 -3.33327080E+02
9.94064780E+02 1.74542811E-02 -3.30930050E+02
9.94124270E+02 1.68322809E-02 -3.28526610E+02
9.94183760E+02 1.57848231E-02 -3.26183340E+02
9.94243260E+02 1.55972651E-02 -3.23872220E+02
9.94302770E+02 1.57072461E-02 -3.21511280E+02
9.94362290E+02 1.48893459E-02 -3.19140020E+02
9.94421810E+02 1.37988242E-02 -3.16846350E+02
9.94481340E+02 1.38227526E-02 -3.14598040E+02
9.94540880E+02 1.45904520E-02 -3.12303040E+02
9.94600420E+02 1.52960269E-02 -3.09979920E+02
9.94659970E+02 1.62743565E-02 -3.07653150E+02
9.94719530E+02 1.76876180E-02 -3.05286200E+02
9.94779100E+02 1.87406681E-02 -3.02869000E+02
9.94838670E+02 1.88870098E-02 -3.00440000E+02
9.94898250E+02 1.84038784E-02 -2.98030130E+02
9.94957840E+02 1.76945955E-02 -2.95642440E+02
9.95017430E+02 1.69310407E-02 -2.93276820E+02
9.95077030E+02 1.64258336E-02 -2.90930960E+02
9.95136640E+02 1.62488692E-02 -2.88572940E+02
9.95196260E+02 1.56567545E-02 -2.86193540E+02
9.95255880E+02 1.44456229E-02 -2.83861620E+02
9.95315510E+02 1.41396644E-02 -2.81612880E+02
9.95375150E+02 1.54182256E-02 -2.79315170E+02
9.95434790E+02 1.64615467E-02 -2.76919590E+02
9.95494440E+02 1.63786452E-02 -2.74523070E+02
9.95554100E+02 1.62772879E-02 -2.72173470E+02
9.95613770E+02 1.67596354E-02 -2.69813200E+02
9.95673440E+02 1.69938518E-02 -2.67422510E+02
9.95733120E+02 1.68908339E-02 -2.65044090E+02
9.95792810E+02 1.70247229E-02 -2.62667800E+02
9.95852500E+02 1.69173343E-02 -2.60268500E+02
9.95912200E+02 1.62197386E-02 -2.57892310E+02
9.95971910E+02 1.59257392E-02 -2.55562570E+02
9.96031630E+02 1.63506061E-02 -2.53214180E+02
9.96091350E+02 1.65366726E-02 -2.50835370E+02
9.96151080E+02 1.64354583E-02 -2.48476200E+02
9.96210820E+02 1.67931525E-02 -2.46131630E+02
9.96270560E+02 1.74861102E-02 -2.43759520E+02
9.96330310E+02 1.79059046E-02 -2.41368050E+02
9.96390070E+02 1.81828235E-02 -2.38984870E+02
9.96449840E+02 1.87449358E-02 -2.36597860E+02
9.96509610E+02 1.93328958E-02 -2.34182980E+02
9.96569390E+02 1.94263785E-02 -2.31750910E+02
9.96629180E+02 1.89862124E-02 -2.29328680E+02
9.96688970E+02 1.83904676E-02 -2.26934500E+02
9.96748770E+02 1.81605936E-02 -2.24564880E+02
9.96808580E+02 1.84523963E-02 -2.22188770E+02
9.96868400E+02 1.87493781E-02 -2.19786590E+02
9.96928220E+02 1.85663279E-02 -2.17374900E+02
9.96988050E+02 1.79325924E-02 -2.14977360E+02
9.97047890E+02 1.71641417E-02 -2.12609450E+02
9.97107730E+02 1.68149493E-02 -2.10273390E+02
9.97167580E+02 1.73465584E-02 -2.07932530E+02
9.97227440E+02 1.83727951E-02 -2.05543140E+02
9.97287310E+02 1.91142083E-02 -2.03116000E+02
9.97347180E+02 1.95107094E-02 -2.00689570E+02
9.97407060E+02 2.01512278E-02 -1.98267750E+02
9.97466950E+02 2.09903826E-02 -1.95820030E+02
9.97526850E+02 2.12177873E-02 -1.93353010E+02
9.97586750E+02 2.08282712E-02 -1.90912010E+02
9.97646660E+02 2.08244582E-02 -1.88502550E+02
9.97706580E+02 2.13404288E-02 -1.86076180E+02
9.97766500E+02 2.13881088E-02 -1.83626330E+02
9.97826430E+02 2.07989235E-02 -1.81197520E+02
9.97886370E+02 2.05952521E-02 -1.78801370E+02
9.97946310E+02 2.11555919E-02 -1.76386240E+02
9.98006270E+02 2.14699087E-02 -1.73929990E+02
9.98066230E+02 2.09412915E-02 -1.71478070E+02
9.98126190E+02 2.04087724E-02 -1.69068260E+02
9.98186170E+02 2.07028223E-02 -1.66668390E+02
9.98246150E+02 2.12654351E-02 -1.64240300E+02
9.98306140E+02 2.14747775E-02 -1.61800310E+02
9.98366130E+02 2.14797884E-02 -1.59360760E+02
9.98426140E+02 2.12090389E-02 -1.56916460E+02
9.98486150E+02 2.06218198E-02 -1.54487140E+02
9.98546170E+02 2.05476862E-02 -1.52078520E+02
9.98606190E+02 2.12392917E-02 -1.49637620E+02
9.98666220E+02 2.14719589E-02 -1.47147340E+02
9.98726260E+02 2.06029857E-02 -1.44665920E+02
9.98786310E+02 1.97472350E-02 -1.42238480E+02
9.98846360E+02 1.99323227E-02 -1.39816940E+02
9.98906420E+02 2.02588173E-02 -1.37348500E+02
9.98966490E+02 1.98407472E-02 -1.34870520E+02
9.99026570E+02 1.94132617E-02 -1.32418070E+02
9.99086650E+02 1.95100433E-02 -1.29951340E+02
9.99146740E+02 1.92170271E-02 -1.27453620E+02
9.99206840E+02 1.83206676E-02 -1.24983540E+02
9.99266940E+02 1.81561345E-02 -1.22554350E+02
9.99327050E+02 1.88720712E-02 -1.20079600E+02
9.99387170E+02 1.86896314E-02 -1.17547610E+02
9.99447300E+02 1.70800948E-02 -1.15057450E+02
9.99507430E+02 1.60690572E-02 -1.12674070E+02
9.99567570E+02 1.70314497E-02 -1.10269290E+02
9.99627720E+02 1.78888753E-02 -1.07749240E+02
9.99687870E+02 1.69142434E-02 -1.05208620E+02
9.99748030E+02 1.52458840E-02 -1.02758140E+02
9.99808200E+02 1.49725826E-02 -1.00362140E+02
9.99868380E+02 1.56315127E-02 -9.78875440E+01
9.99928560E+02 1.56450213E-02 -9.53553700E+01
9.99988750E+02 1.52129691E-02 -9.28497450E+01
1.00004900E+03 1.53985584E-02 -9.03642540E+01
1.00010920E+03 1.58518980E-02 -8.78382620E+01
1.00016940E+03 1.54227293E-02 -8.53014080E+01
1.00022960E+03 1.44366066E-02 -8.28388220E+01
1.00028980E+03 1.44454467E-02 -8.04341940E+01
1.00035010E+03 1.52099832E-02 -7.79639240E+01
1.00041030E+03 1.50358911E-02 -7.54379750E+01
1.00047050E+03 1.39481253E-02 -7.29622890E+01
1.00053080E+03 1.36092608E-02 -7.05547100E+01
1.00059110E+03 1.43217415E-02 -6.80989260E+01
1.00065130E+03 1.46624909E-02 -6.55688860E+01
1.00071160E+03 1.40051012E-02 -6.30404260E+01
1.00077190E+03 1.30070754E-02 -6.05725390E+01
1.00083220E+03 1.25511418E-02 -5.81518210E+01
1.00089250E+03 1.26803344E-02 -5.57132130E+01
1.00095280E+03 1.27286307E-02 -5.32350520E+01
1.00101310E+03 1.23577101E-02 -5.07582300E+01
1.00107340E+03 1.20840337E-02 -4.83191200E+01
1.00113380E+03 1.25084955E-02 -4.58769050E+01
1.00119410E+03 1.31709882E-02 -4.33807090E+01
1.00125440E+03 1.34596430E-02 -4.08728950E+01
1.00131480E+03 1.39796502E-02 -3.83981490E+01
1.00137520E+03 1.53218641E-02 -3.58928930E+01
1.00143550E+03 1.62661956E-02 -3.33137370E+01
1.00149590E+03 1.55871338E-02 -3.07449450E+01
1.00155630E+03 1.44730930E-02 -2.83002460E+01
1.00161670E+03 1.53125677E-02 -2.59143780E+01
1.00167710E+03 1.72949443E-02 -2.34176980E+01
1.00173750E+03 1.82171576E-02 -2.08609770E+01
1.00179790E+03 1.83283884E-02 -1.83498500E+01
1.00185830E+03 1.92550310E-02 -1.58725720E+01
1.00191870E+03 2.07762357E-02 -1.33481520E+01
1.00197910E+03 2.14000150E-02 -1.07925120E+01
1.00203960E+03 2.12810651E-02 -8.27444650E+00
1.00210000E+03 2.20609880E-02 -5.78880390E+00
1.00216050E+03 2.38814041E-02 -3.25554760E+00
1.00222090E+03 2.50421281E-02 -6.68405220E-01
1.00228140E+03 2.48681624E-02 +1.90328960E+00
1.00234190E+03 2.48122792E-02 +4.41557910E+00
1.00240240E+03 2.63283357E-02 +6.92302100E+00
1.00246280E+03 2.82393573E-02 +9.49148300E+00
1.00252330E+03 2.85019082E-02 +1.20862260E+01
1.00258380E+03 2.74471836E-02 +1.46283790E+01
1.00264440E+03 2.77190449E-02 +1.71133260E+01
1.00270490E+03 2.98830664E-02 +1.96486580E+01
1.00276540E+03 3.10146917E-02 +2.22620940E+01
1.00282590E+03 2.95701126E-02 +2.48639260E+01
1.00288650E+03 2.79990089E-02 +2.73749350E+01
1.00294700E+03 2.92950226E-02 +2.98689540E+01
1.00300760E+03 3.15205287E-02 +3.24601680E+01
1.00306810E+03 3.12615457E-02 +3.50997880E+01
1.00312870E+03 2.89596872E-02 +3.76804920E+01
1.00318930E+03 2.82185770E-02 +4.01858910E+01
1.00324990E+03 2.98886753E-02 +4.27429130E+01
1.00331050E+03 3.06562886E-02 +4.53865520E+01
1.00337110E+03 2.89346030E-02 +4.80202320E+01
1.00343170E+03 2.70650356E-02 +5.05634350E+01
1.00349230E+03 2.77327961E-02 +5.30825800E+01
1.00355290E+03 2.91951933E-02 +5.56885560E+01
1.00361350E+03 2.83547049E-02 +5.83440890E+01
1.00367420E+03 2.54696985E-02 +6.09459270E+01
1.00373480E+03 2.38000513E-02 +6.34609700E+01
1.00379550E+03 2.46257948E-02 +6.60178870E+01
1.00385610E+03 2.51356126E-02 +6.86858620E+01
1.00391680E+03 2.33225022E-02 +7.13808880E+01
1.00397750E+03 2.04199016E-02 +7.39929370E+01
1.00403810E+03 1.93610857E-02 +7.65163980E+01
1.00409880E+03 2.04459067E-02 +7.91079900E+01
1.00415950E+03 2.08421203E-02 +8.18135600E+01
1.00422020E+03 1.89792613E-02 +8.45316130E+01
1.00428090E+03 1.62401900E-02 +8.71357620E+01
1.00434160E+03 1.56657856E-02 +8.96283700E+01
1.00440240E+03 1.73257874E-02 +9.22255110E+01
1.00446310E+03 1.80671669E-02 +9.49608450E+01
1.00452380E+03 1.63323930E-02 +9.76983390E+01
1.00458460E+03 1.37887327E-02 +1.00279990E+02
1.00464530E+03 1.39799303E-02 +1.02742530E+02
1.00470610E+03 1.63662668E-02 +1.05384230E+02
1.00476690E+03 1.72396937E-02 +1.08184550E+02
1.00482760E+03 1.52541709E-02 +1.10966830E+02
1.00488840E+03 1.25387021E-02 +1.13533830E+02
1.00494920E+03 1.33706051E-02 +1.15950650E+02
1.00501000E+03 1.65814653E-02 +1.18606110E+02
1.00507080E+03 1.75919015E-02 +1.21423950E+02
1.00513160E+03 1.50564920E-02 +1.24198380E+02
1.00519240E+03 1.19476291E-02 +1.26702940E+02
1.00525330E+03 1.33012387E-02 +1.29085620E+02
1.00531410E+03 1.66278676E-02 +1.31782170E+02
1.00537490E+03 1.71882140E-02 +1.34632810E+02
1.00543580E+03 1.42300432E-02 +1.37406930E+02
1.00549660E+03 1.14382739E-02 +1.39841930E+02
1.00555750E+03 1.42082726E-02 +1.42210720E+02
1.00561840E+03 1.86033330E-02 +1.44938790E+02
1.00567930E+03 1.93998165E-02 +1.47794890E+02
1.00574010E+03 1.58119303E-02 +1.50557470E+02
1.00580100E+03 1.22486840E-02 +1.52952970E+02
1.00586190E+03 1.50611188E-02 +1.55284050E+02
1.00592280E+03 1.91225597E-02 +1.58013090E+02
1.00598380E+03 1.87705541E-02 +1.60876680E+02
1.00604470E+03 1.40690049E-02 +1.63616780E+02
1.00610560E+03 1.10833596E-02 +1.65908810E+02
1.00616650E+03 1.51560470E-02 +1.68323090E+02
1.00622750E+03 1.88734499E-02 +1.71154230E+02
1.00628840E+03 1.76581633E-02 +1.74074990E+02
1.00634940E+03 1.22127118E-02 +1.76828200E+02
1.00641040E+03 9.26620683E-03 +1.78990700E+02
1.00647130E+03 1.40608766E-02 +1.81388470E+02
1.00653230E+03 1.78922447E-02 +1.84246470E+02
1.00659330E+03 1.68309043E-02 +1.87178890E+02
1.00665430E+03 1.17513442E-02 +1.89949270E+02
1.00671530E+03 8.66435831E-03 +1.92141450E+02
1.00677630E+03 1.30371155E-02 +1.94506280E+02
1.00683730E+03 1.69863722E-02 +1.97356740E+02
1.00689840E+03 1.62318680E-02 +2.00301150E+02
1.00695940E+03 1.10463505E-02 +2.03094370E+02
1.00702040E+03 7.67036440E-03 +2.05178600E+02
1.00708150E+03 1.30239506E-02 +2.07513460E+02
1.00714250E+03 1.74726523E-02 +2.10406760E+02
1.00720360E+03 1.63771695E-02 +2.13383210E+02
1.00726470E+03 1.01660081E-02 +2.16169710E+02
1.00732580E+03 7.35516920E-03 +2.18015510E+02
1.00738680E+03 1.42683594E-02 +2.20473440E+02
1.00744790E+03 1.84668397E-02 +2.23449500E+02
1.00750900E+03 1.64440147E-02 +2.26489890E+02
1.00757010E+03 9.33133624E-03 +2.29352360E+02
1.00763130E+03 6.07564169E-03 +2.31031610E+02
1.00769240E+03 1.34145045E-02 +2.33524010E+02
1.00775350E+03 1.76076069E-02 +2.36535460E+02
1.00781460E+03 1.56306238E-02 +2.39588480E+02
1.00787580E+03 8.70530470E-03 +2.42460340E+02
1.00793690E+03 5.61438100E-03 +2.44083340E+02
1.00799810E+03 1.30237130E-02 +2.46599370E+02
1.00805930E+03 1.76165124E-02 +2.49625570E+02
1.00812040E+03 1.61019278E-02 +2.52683890E+02
1.00818160E+03 8.84979491E-03 +2.55560400E+02
1.00824280E+03 5.68128181E-03 +2.56973660E+02
1.00830400E+03 1.42865451E-02 +2.59538250E+02
1.00836520E+03 1.87705394E-02 +2.62602040E+02
1.00842640E+03 1.62817364E-02 +2.65737080E+02
1.00848760E+03 7.84315332E-03 +2.68817040E+02
1.00854890E+03 4.11014404E-03 +2.69535220E+02
1.00861010E+03 1.39761186E-02 +2.72451420E+02
1.00867130E+03 1.89944279E-02 +2.69350160E+02
1.00873260E+03 1.68005301E-02 +2.66265750E+02
1.00879380E+03 7.91935572E-03 +2.63130460E+02
1.00885510E+03 4.64914465E-03 +2.63562600E+02
1.00891640E+03 1.55563071E-02 +2.66624420E+02
1.00897770E+03 2.05805262E-02 +2.63541680E+02
1.00903890E+03 1.73725850E-02 +2.60479840E+02
1.00910020E+03 7.04167864E-03 +2.57463210E+02
1.00916150E+03 6.35262465E-03 +2.57402450E+02
1.00922280E+03 1.73668253E-02 +2.54419700E+02
1.00928420E+03 2.17779698E-02 +2.51416160E+02
1.00934550E+03 1.79783064E-02 +2.48451250E+02
1.00940680E+03 7.71527932E-03 +2.45703370E+02
1.00946810E+03 7.29437084E-03 +2.44954540E+02
1.00952950E+03 1.80290993E-02 +2.42250540E+02
1.00959080E+03 2.23346648E-02 +2.39331950E+02
1.00965220E+03 1.80468368E-02 +2.36435480E+02
1.00971360E+03 7.52936491E-03 +2.33883720E+02
1.00977490E+03 9.59898182E-03 +2.32847240E+02
1.00983630E+03 1.99628420E-02 +2.30160150E+02
1.00989770E+03 2.31835532E-02 +2.27256390E+02
1.00995910E+03 1.71848867E-02 +2.24357960E+02
1.01002050E+03 5.14959892E-03 +2.21978600E+02
1.01008190E+03 1.20851388E-02 +2.20978790E+02
1.01014340E+03 2.20379886E-02 +2.18139720E+02
1.01020480E+03 2.31741684E-02 +2.15201720E+02
1.01026620E+03 1.50448413E-02 +2.12327460E+02
1.01032770E+03 4.40046952E-03 +2.10584810E+02
1.01038910E+03 1.48235087E-02 +2.08884660E+02
1.01045060E+03 2.29818722E-02 +2.06017680E+02
1.01051200E+03 2.21473551E-02 +2.03087730E+02
1.01057350E+03 1.27056055E-02 +2.00259450E+02
1.01063500E+03 5.27868885E-03 +1.99052850E+02
1.01069650E+03 1.71334065E-02 +1.96785750E+02
1.01075800E+03 2.37281752E-02 +1.93877840E+02
1.01081950E+03 2.07996974E-02 +1.90938600E+02
1.01088100E+03 1.00290623E-02 +1.88165110E+02
1.01094250E+03 6.75003741E-03 +1.87250560E+02
1.01100400E+03 1.78894379E-02 +1.84673140E+02
1.01106550E+03 2.26376392E-02 +1.81744840E+02
1.01112710E+03 1.84342296E-02 +1.78784060E+02
1.01118860E+03 6.94182901E-03 +1.75978340E+02
1.01125020E+03 8.17364570E-03 +1.75459200E+02
1.01131170E+03 1.86812542E-02 +1.72581100E+02
1.01137330E+03 2.09706833E-02 +1.69572130E+02
1.01143490E+03 1.42466761E-02 +1.66576910E+02
1.01149650E+03 2.30697100E-03 +1.64181380E+02
1.01155810E+03 1.12095776E-02 +1.63401790E+02
1.01161970E+03 1.91147838E-02 +1.60430170E+02
1.01168130E+03 1.90482480E-02 +1.57402670E+02
1.01174290E+03 1.09211748E-02 +1.54345480E+02
1.01180450E+03 1.99515724E-03 +1.54620870E+02
1.01186610E+03 1.41317992E-02 +1.57696210E+02
1.01192780E+03 2.03033569E-02 +1.54604990E+02
1.01198940E+03 1.78342550E-02 +1.51487580E+02
1.01205110E+03 7.98664429E-03 +1.54485850E+02
1.01211270E+03 6.42193413E-03 +1.55306910E+02
1.01217440E+03 1.67965565E-02 +1.58197480E+02
1.01223610E+03 2.02154911E-02 +1.61285520E+02
1.01229780E+03 1.50951929E-02 +1.64298340E+02
1.01235940E+03 6.17702995E-03 +1.66586030E+02
1.01242110E+03 1.25658135E-02 +1.68292840E+02
1.01248280E+03 2.04894739E-02 +1.71180870E+02
1.01254460E+03 2.07471687E-02 +1.74159620E+02
1.01260630E+03 1.37488436E-02 +1.76946180E+02
1.01266800E+03 9.68648476E-03 +1.78866700E+02
1.01272970E+03 1.79241697E-02 +1.81215200E+02
1.01279150E+03 2.33437797E-02 +1.84082920E+02
1.01285320E+03 2.08383437E-02 +1.86963390E+02
1.01291500E+03 1.33050077E-02 +1.89496040E+02
1.01297680E+03 1.44922189E-02 +1.91446600E+02
1.01303850E+03 2.30085336E-02 +1.94042610E+02
1.01310030E+03 2.57938314E-02 +1.96902720E+02
1.01316210E+03 2.04132690E-02 +1.99692930E+02
1.01322390E+03 1.37033594E-02 +2.01976620E+02
1.01328570E+03 1.92401266E-02 +2.04117200E+02
1.01334750E+03 2.70401882E-02 +2.06842900E+02
1.01340930E+03 2.74559937E-02 +2.09691800E+02
1.01347110E+03 2.06428414E-02 +2.12375520E+02
1.01353300E+03 1.67794103E-02 +2.14546050E+02
1.01359480E+03 2.42462286E-02 +2.16889940E+02
1.01365670E+03 3.03065410E-02 +2.19632870E+02
1.01371850E+03 2.83657224E-02 +2.22413150E+02
1.01378040E+03 2.15187864E-02 +2.24953440E+02
1.01384230E+03 2.14602481E-02 +2.27156040E+02
1.01390410E+03 2.90753853E-02 +2.29663070E+02
1.01396600E+03 3.28235251E-02 +2.32409370E+02
1.01402790E+03 2.91397886E-02 +2.35121740E+02
1.01408980E+03 2.36352713E-02 +2.37556180E+02
1.01415170E+03 2.67974338E-02 +2.39845870E+02
1.01421360E+03 3.42605794E-02 +2.42433380E+02
1.01427560E+03 3.63084054E-02 +2.45154400E+02
1.01433750E+03 3.18588732E-02 +2.47776570E+02
1.01439940E+03 2.91287914E-02 +2.50141760E+02
1.01446140E+03 3.53428621E-02 +2.52541210E+02
1.01452330E+03 4.21766831E-02 +2.55176870E+02
1.01458530E+03 4.19304341E-02 +2.57862340E+02
1.01464730E+03 3.67998628E-02 +2.60398160E+02
1.01470920E+03 3.73357590E-02 +2.62752550E+02
1.01477120E+03 4.55814063E-02 +2.65246220E+02
1.01483320E+03 5.09269064E-02 +2.67903130E+02
1.01489520E+03 4.85608639E-02 +2.70539580E+02
1.01495720E+03 4.46854305E-02 +2.73008000E+02
1.01501920E+03 4.92302752E-02 +2.75414560E+02
1.01508120E+03 5.80994466E-02 +2.77981380E+02
1.01514330E+03 6.13054679E-02 +2.80633700E+02
1.01520530E+03 5.79877478E-02 +2.83219020E+02
1.01526740E+03 5.69285535E-02 +2.85674640E+02
1.01532940E+03 6.38170009E-02 +2.88151880E+02
1.01539150E+03 7.12734144E-02 +2.90744580E+02
1.01545350E+03 7.23894875E-02 +2.93360210E+02
1.01551560E+03 7.00324582E-02 +2.95896520E+02
1.01557770E+03 7.25836979E-02 +2.98368540E+02
1.01563980E+03 8.06374566E-02 +3.00897940E+02
1.01570190E+03 8.64562016E-02 +3.03497140E+02
1.01576400E+03 8.67149070E-02 +3.06084620E+02
1.01582610E+03 8.65525782E-02 +3.08606680E+02
1.01588820E+03 9.20617755E-02 +3.11110500E+02
1.01595030E+03 1.00703729E-01 +3.13667370E+02
1.01601250E+03 1.05993410E-01 +3.16258890E+02
1.01607460E+03 1.07154911E-01 +3.18825970E+02
1.01613680E+03 1.09859105E-01 +3.21349600E+02
1.01619890E+03 1.17989953E-01 +3.23879150E+02
1.01626110E+03 1.27623438E-01 +3.26454090E+02
1.01632330E+03 1.33187834E-01 +3.29049510E+02
1.01638550E+03 1.35139373E-01 +3.31620400E+02
1.01644760E+03 1.39479737E-01 +3.34159000E+02
1.01650980E+03 1.49347300E-01 +3.36708600E+02
1.01657200E+03 1.59996753E-01 +3.39297340E+02
1.01663430E+03 1.65854611E-01 +3.41900480E+02
1.01669650E+03 1.68321333E-01 +3.44480490E+02
1.01675870E+03 1.73971015E-01 +3.47036600E+02
1.01682090E+03 1.85007438E-01 +3.49606650E+02
1.01688320E+03 1.95913080E-01 +3.52207890E+02
1.01694540E+03 2.01793439E-01 +3.54816040E+02
1.01700770E+03 2.05004741E-01 +3.57402870E+02
1.01706990E+03 2.11733793E-01 +3.59972640E+02
1.01713220E+03 2.23113619E-01 +3.62555090E+02
1.01719450E+03 2.33661918E-01 +3.65160840E+02
1.01725680E+03 2.39210863E-01 +3.67770240E+02
1.01731910E+03 2.42389862E-01 +3.70362750E+02
1.01738140E+03 2.48859505E-01 +3.72944190E+02
1.01744370E+03 2.59190683E-01 +3.75538550E+02
1.01750600E+03 2.68196633E-01 +3.78153170E+02
1.01756830E+03 2.72475823E-01 +3.80771760E+02
1.01763070E+03 2.74871790E-01 +3.83378530E+02
1.01769300E+03 2.80430708E-01 +3.85978890E+02
1.01775540E+03 2.89388726E-01 +3.88591320E+02
1.01781770E+03 2.97085989E-01 +3.91221240E+02
1.01788010E+03 3.00398331E-01 +3.93856240E+02
1.01794250E+03 3.01410249E-01 +3.96483750E+02
1.01800480E+03 3.04461264E-01 +3.99106420E+02
1.01806720E+03 3.10548901E-01 +4.01738870E+02
1.01812960E+03 3.16050766E-01 +4.04388870E+02
1.01819200E+03 3.17323620E-01 +4.07048050E+02
1.01825440E+03 3.15380358E-01 +4.09701840E+02
1.01831680E+03 3.15284600E-01 +4.12346750E+02
1.01837930E+03 3.20314002E-01 +4.14996940E+02
1.01844170E+03 3.27492809E-01 +4.17667560E+02
1.01850410E+03 3.30879600E-01 +4.20355170E+02
1.01856660E+03 3.28725828E-01 +4.23041210E+02
1.01862910E+03 3.26096335E-01 +4.25712090E+02
1.01869150E+03 3.29560252E-01 +4.28376460E+02
1.01875400E+03 3.39098835E-01 +4.31056530E+02
1.01881650E+03 3.47918798E-01 +4.33759230E+02
1.01887900E+03 3.50647872E-01 +4.36468560E+02
1.01894140E+03 3.49416428E-01 +4.39163870E+02
1.01900390E+03 3.51475874E-01 +4.41841890E+02
1.01906650E+03 3.60633567E-01 +4.44520810E+02
1.01912900E+03 3.72609554E-01 +4.47217020E+02
1.01919150E+03 3.80542363E-01 +4.49926000E+02
1.01925400E+03 3.82835670E-01 +4.52630830E+02
1.01931660E+03 3.84383767E-01 +4.55321660E+02
1.01937910E+03 3.90616244E-01 +4.58006440E+02
1.01944170E+03 4.01027343E-01 +4.60701070E+02
1.01950420E+03 4.10030499E-01 +4.63410190E+02
1.01956680E+03 4.13620164E-01 +4.66123820E+02
1.01962940E+03 4.13608172E-01 +4.68830040E+02
1.01969200E+03 4.15184369E-01 +4.71528400E+02
1.01975460E+03 4.20612946E-01 +4.74230320E+02
1.01981720E+03 4.26550138E-01 +4.76944850E+02
1.01987980E+03 4.28308405E-01 +4.79668170E+02
1.01994240E+03 4.25452018E-01 +4.82389210E+02
1.02000500E+03 4.22249926E-01 +4.85102700E+02
1.02006770E+03 4.22587813E-01 +4.87815760E+02
1.02013030E+03 4.25373906E-01 +4.90539220E+02
1.02019290E+03 4.26327679E-01 +4.93274170E+02
1.02025560E+03 4.23522243E-01 +4.96011480E+02
1.02031830E+03 4.19787899E-01 +4.98742800E+02
1.02038090E+03 4.19483778E-01 +5.01470390E+02
1.02044360E+03 4.23315072E-01 +5.04204410E+02
1.02050630E+03 4.27507813E-01 +5.06950030E+02
1.02056900E+03 4.28317662E-01 +5.09701130E+02
1.02063170E+03 4.26197443E-01 +5.12447290E+02
1.02069440E+03 4.25137872E-01 +5.15184950E+02
1.02075710E+03 4.28089126E-01 +5.17921150E+02
1.02081980E+03 4.33624699E-01 +5.20665140E+02
1.02088260E+03 4.37787563E-01 +5.23417810E+02
1.02094530E+03 4.38538151E-01 +5.26171940E+02
1.02100810E+03 4.37615733E-01 +5.28920610E+02
1.02107080E+03 4.38277709E-01 +5.31664260E+02
1.02113360E+03 4.41727042E-01 +5.34409300E+02
1.02119640E+03 4.46275408E-01 +5.37160520E+02
1.02125910E+03 4.49766184E-01 +5.39917040E+02
1.02132190E+03 4.51755498E-01 +5.42675590E+02
1.02138470E+03 4.52985596E-01 +5.45435130E+02
1.02144750E+03 4.53650074E-01 +5.48196570E+02
1.02151030E+03 4.53386414E-01 +5.50959340E+02
1.02157310E+03 4.52945251E-01 +5.53721430E+02
1.02163600E+03 4.54318853E-01 +5.56484080E+02
1.02169880E+03 4.57977117E-01 +5.59253490E+02
1.02176160E+03 4.60850117E-01 +5.62033880E+02
1.02182450E+03 4.58939114E-01 +5.64819790E+02
1.02188730E+03 4.52469745E-01 +5.67598390E+02
1.02195020E+03 4.47611885E-01 +5.70362210E+02
1.02201310E+03 4.50997816E-01 +5.73121360E+02
1.02207600E+03 4.61315424E-01 +5.75896180E+02
1.02213890E+03 4.69040393E-01 +5.78693330E+02
1.02220170E+03 4.66046586E-01 +5.81497070E+02
1.02226460E+03 4.54663007E-01 +5.84282900E+02
1.02232760E+03 4.47347695E-01 +5.87041570E+02
1.02239050E+03 4.54348930E-01 +5.89796240E+02
1.02245340E+03 4.70450805E-01 +5.92579870E+02
1.02251630E+03 4.79657326E-01 +5.95395470E+02
1.02257930E+03 4.72086655E-01 +5.98215170E+02
1.02264220E+03 4.54296060E-01 +6.01005310E+02
1.02270520E+03 4.45060827E-01 +6.03758570E+02
1.02276810E+03 4.56069797E-01 +6.06512660E+02
1.02283110E+03 4.76765739E-01 +6.09308210E+02
1.02289410E+03 4.86346091E-01 +6.12140470E+02
1.02295710E+03 4.75303640E-01 +6.14971650E+02
1.02302010E+03 4.54419861E-01 +6.17763410E+02
1.02308310E+03 4.46689456E-01 +6.20513710E+02
1.02314610E+03 4.62837715E-01 +6.23272740E+02
1.02320910E+03 4.86955347E-01 +6.26082490E+02
1.02327210E+03 4.95409447E-01 +6.28929330E+02
1.02333520E+03 4.80580451E-01 +6.31768830E+02
1.02339820E+03 4.57629293E-01 +6.34561860E+02
1.02346130E+03 4.52192879E-01 +6.37314110E+02
1.02352430E+03 4.72211563E-01 +6.40084040E+02
1.02358740E+03 4.97487387E-01 +6.42908840E+02
1.02365050E+03 5.04072376E-01 +6.45766730E+02
1.02371350E+03 4.87085988E-01 +6.48610820E+02
1.02377660E+03 4.64377756E-01 +6.51405530E+02
1.02383970E+03 4.61049509E-01 +6.54164210E+02
1.02390280E+03 4.81442302E-01 +6.56945950E+02
1.02396590E+03 5.04148589E-01 +6.59780490E+02
1.02402910E+03 5.07805721E-01 +6.62643200E+02
1.02409220E+03 4.90345490E-01 +6.65490310E+02
1.02415530E+03 4.69455024E-01 +6.68292220E+02
1.02421850E+03 4.66781951E-01 +6.71064020E+02
1.02428160E+03 4.84587660E-01 +6.73856520E+02
1.02434480E+03 5.03859395E-01 +6.76693530E+02
1.02440790E+03 5.06571871E-01 +6.79553320E+02
1.02447110E+03 4.91789477E-01 +6.82398560E+02
1.02453430E+03 4.75130561E-01 +6.85206480E+02
1.02459750E+03 4.73979599E-01 +6.87992620E+02
1.02466070E+03 4.88877715E-01 +6.90797600E+02
1.02472390E+03 5.04073526E-01 +6.93638220E+02
1.02478710E+03 5.05920004E-01 +6.96495680E+02
1.02485030E+03 4.95134921E-01 +6.99340700E+02
1.02491360E+03 4.84496429E-01 +7.02159130E+02
1.02497680E+03 4.85671453E-01 +7.04965860E+02
1.02504000E+03 4.96953368E-01 +7.07788250E+02
1.02510330E+03 5.06513800E-01 +7.10634120E+02
1.02516660E+03 5.05943109E-01 +7.13487860E+02
1.02522980E+03 4.97802863E-01 +7.16329590E+02
1.02529310E+03 4.91812820E-01 +7.19154070E+02
1.02535640E+03 4.94172834E-01 +7.21975520E+02
1.02541970E+03 5.01182691E-01 +7.24810270E+02
1.02548300E+03 5.04676015E-01 +7.27658150E+02
1.02554630E+03 5.01631528E-01 +7.30505860E+02
1.02560960E+03 4.96879191E-01 +7.33343280E+02
1.02567290E+03 4.96885711E-01 +7.36174880E+02
1.02573620E+03 5.01780410E-01 +7.39013720E+02
1.02579960E+03 5.05408983E-01 +7.41864300E+02
1.02586290E+03 5.03107265E-01 +7.44717140E+02
1.02592630E+03 4.97515266E-01 +7.47559860E+02
1.02598960E+03 4.96030483E-01 +7.50392160E+02
1.02605300E+03 5.02125950E-01 +7.53228540E+02
1.02611640E+03 5.10478765E-01 +7.56081870E+02
1.02617980E+03 5.12420735E-01 +7.58948110E+02
1.02624320E+03 5.05208017E-01 +7.61810080E+02
1.02630660E+03 4.95620914E-01 +7.64653340E+02
1.02637000E+03 4.94150230E-01 +7.67482460E+02
1.02643340E+03 5.03741134E-01 +7.70319850E+02
1.02649680E+03 5.15753788E-01 +7.73180990E+02
1.02656030E+03 5.18812490E-01 +7.76058250E+02
1.02662370E+03 5.09882879E-01 +7.78929730E+02
1.02668710E+03 4.97456923E-01 +7.81778110E+02
1.02675060E+03 4.94263149E-01 +7.84608430E+02
1.02681410E+03 5.04226378E-01 +7.87446760E+02
1.02687750E+03 5.17989778E-01 +7.90311490E+02
1.02694100E+03 5.22984111E-01 +7.93195130E+02
1.02700450E+03 5.15323248E-01 +7.96074780E+02
1.02706800E+03 5.02974701E-01 +7.98931900E+02
1.02713150E+03 4.98617318E-01 +8.01769500E+02
1.02719500E+03 5.06993314E-01 +8.04611790E+02
1.02725850E+03 5.20045152E-01 +8.07477760E+02
1.02732210E+03 5.25961329E-01 +8.10362540E+02
1.02738560E+03 5.20458788E-01 +8.13246160E+02
1.02744910E+03 5.09926152E-01 +8.16111840E+02
1.02751270E+03 5.05192884E-01 +8.18961000E+02
1.02757620E+03 5.10750242E-01 +8.21812830E+02
1.02763980E+03 5.20469480E-01 +8.24683120E+02
1.02770340E+03 5.24855142E-01 +8.27568340E+02
1.02776700E+03 5.20556241E-01 +8.30452240E+02
1.02783060E+03 5.12982475E-01 +8.33321840E+02
1.02789410E+03 5.10669110E-01 +8.36179920E+02
1.02795780E+03 5.16287575E-01 +8.39042600E+02
1.02802140E+03 5.23869383E-01 +8.41921230E+02
1.02808500E+03 5.25527877E-01 +8.44810580E+02
1.02814860E+03 5.19565790E-01 +8.47695370E+02
1.02821230E+03 5.12140684E-01 +8.50565220E+02
1.02827590E+03 5.11195100E-01 +8.53425860E+02
1.02833950E+03 5.17952507E-01 +8.56294350E+02
1.02840320E+03 5.25471855E-01 +8.59180230E+02
1.02846690E+03 5.26036605E-01 +8.62075830E+02
1.02853060E+03 5.18819998E-01 +8.64964460E+02
1.02859420E+03 5.10926365E-01 +8.67835620E+02
1.02865790E+03 5.10886005E-01 +8.70696290E+02
1.02872160E+03 5.19862992E-01 +8.73565690E+02
1.02878530E+03 5.30250356E-01 +8.76455030E+02
1.02884910E+03 5.33336010E-01 +8.79357380E+02
1.02891280E+03 5.27261169E-01 +8.82255620E+02
1.02897650E+03 5.18635170E-01 +8.85137080E+02
1.02904020E+03 5.16779450E-01 +8.88005480E+02
1.02910400E+03 5.24580852E-01 +8.90878940E+02
1.02916770E+03 5.35338398E-01 +8.93770900E+02
1.02923150E+03 5.39628205E-01 +8.96676850E+02
1.02929530E+03 5.34305914E-01 +8.99580310E+02
1.02935910E+03 5.25382327E-01 +9.02467680E+02
1.02942280E+03 5.22558781E-01 +9.05341610E+02
1.02948660E+03 5.29372156E-01 +9.08220180E+02
1.02955040E+03 5.39269293E-01 +9.11117430E+02
1.02961430E+03 5.42616061E-01 +9.14028600E+02
1.02967810E+03 5.36348310E-01 +9.16936040E+02
1.02974190E+03 5.27123657E-01 +9.19825270E+02
1.02980570E+03 5.25382832E-01 +9.22699740E+02
1.02986960E+03 5.34594183E-01 +9.25579690E+02
1.02993340E+03 5.47229239E-01 +9.28480470E+02
1.02999730E+03 5.52669920E-01 +9.31397410E+02
1.03006110E+03 5.47426634E-01 +9.34312660E+02
1.03012500E+03 5.38134277E-01 +9.37211320E+02
1.03018890E+03 5.35497937E-01 +9.40095230E+02
1.03025280E+03 5.43778144E-01 +9.42982560E+02
1.03031670E+03 5.56433123E-01 +9.45888380E+02
1.03038060E+03 5.62997131E-01 +9.48809690E+02
1.03044450E+03 5.58918858E-01 +9.51730450E+02
1.03050840E+03 5.49346275E-01 +9.54636040E+02
1.03057240E+03 5.44434909E-01 +9.57526290E+02
1.03063630E+03 5.49536032E-01 +9.60417060E+02
1.03070020E+03 5.59814139E-01 +9.63323860E+02
1.03076420E+03 5.65533200E-01 +9.66246020E+02
1.03082820E+03 5.61594329E-01 +9.69169060E+02
1.03089210E+03 5.52221975E-01 +9.72077940E+02
1.03095610E+03 5.47454245E-01 +9.74970870E+02
1.03102010E+03 5.53600190E-01 +9.77863180E+02
1.03108410E+03 5.66560879E-01 +9.80772370E+02
1.03114810E+03 5.75886829E-01 +9.83700060E+02
1.03121210E+03 5.74685906E-01 +9.86632160E+02
1.03127610E+03 5.65673811E-01 +9.89551540E+02
1.03134010E+03 5.59018560E-01 +9.92452490E+02
1.03140420E+03 5.62980062E-01 +9.95347880E+02
1.03146820E+03 5.75414790E-01 +9.98257240E+02
1.03153220E+03 5.85969086E-01 +1.00118660E+03
1.03159630E+03 5.86217861E-01 +1.00412450E+03
1.03166040E+03 5.77093242E-01 +1.00705330E+03
1.03172440E+03 5.68178088E-01 +1.00996390E+03
1.03178850E+03 5.69243884E-01 +1.01286510E+03
1.03185260E+03 5.80624715E-01 +1.01577630E+03
1.03191670E+03 5.92910879E-01 +1.01870700E+03
1.03198080E+03 5.96339710E-01 +1.02164880E+03
1.03204490E+03 5.89595217E-01 +1.02458440E+03
1.03210900E+03 5.80900491E-01 +1.02750270E+03
1.03217320E+03 5.80589123E-01 +1.03040960E+03
1.03223730E+03 5.90770361E-01 +1.03332400E+03
1.03230140E+03 6.03047146E-01 +1.03625760E+03
1.03236560E+03 6.06934461E-01 +1.03920480E+03
1.03242980E+03 5.99307208E-01 +1.04214890E+03
1.03249390E+03 5.86991567E-01 +1.04507620E+03
1.03255810E+03 5.81062294E-01 +1.04798810E+03
1.03262230E+03 5.86734514E-01 +1.05090140E+03
1.03268650E+03 5.98605697E-01 +1.05383160E+03
1.03275070E+03 6.06552397E-01 +1.05677810E+03
1.03281490E+03 6.04973677E-01 +1.05972780E+03
1.03287910E+03 5.96925774E-01 +1.06266660E+03
1.03294330E+03 5.91027148E-01 +1.06559140E+03
1.03300750E+03 5.93434605E-01 +1.06851290E+03
1.03307180E+03 6.01863448E-01 +1.07144530E+03
1.03313600E+03 6.08182349E-01 +1.07439170E+03
1.03320030E+03 6.06509950E-01 +1.07734210E+03
1.03326460E+03 5.98685026E-01 +1.08028280E+03
1.03332880E+03 5.92850639E-01 +1.08320920E+03
1.03339310E+03 5.95872293E-01 +1.08613160E+03
1.03345740E+03 6.06100899E-01 +1.08906620E+03
1.03352170E+03 6.14685293E-01 +1.09201900E+03
1.03358600E+03 6.14016498E-01 +1.09498040E+03
1.03365030E+03 6.04551057E-01 +1.09793410E+03
1.03371460E+03 5.94778749E-01 +1.10087000E+03
1.03377900E+03 5.94122673E-01 +1.10379440E+03
1.03384330E+03 6.03893716E-01 +1.10672540E+03
1.03390760E+03 6.15888894E-01 +1.10967460E+03
1.03397200E+03 6.20538919E-01 +1.11263710E+03
1.03403630E+03 6.15398733E-01 +1.11559800E+03
1.03410070E+03 6.06782828E-01 +1.11854510E+03
1.03416510E+03 6.04073150E-01 +1.12147930E+03
1.03422950E+03 6.11035875E-01 +1.12441440E+03
1.03429390E+03 6.22310879E-01 +1.12736320E+03
1.03435830E+03 6.28917411E-01 +1.13032560E+03
1.03442270E+03 6.26490367E-01 +1.13329090E+03
1.03448710E+03 6.18677533E-01 +1.13624760E+03
1.03455150E+03 6.13738747E-01 +1.13919320E+03
1.03461590E+03 6.17170779E-01 +1.14213690E+03
1.03468040E+03 6.26761111E-01 +1.14509000E+03
1.03474480E+03 6.35027456E-01 +1.14805530E+03
1.03480930E+03 6.36243695E-01 +1.15102490E+03
1.03487370E+03 6.31334547E-01 +1.15398820E+03
1.03493820E+03 6.26900518E-01 +1.15694090E+03
1.03500270E+03 6.29099022E-01 +1.15988970E+03
1.03506720E+03 6.37599255E-01 +1.16284630E+03
1.03513170E+03 6.45787364E-01 +1.16581560E+03
1.03519620E+03 6.46927430E-01 +1.16879160E+03
1.03526070E+03 6.40186301E-01 +1.17176240E+03
1.03532520E+03 6.31710139E-01 +1.17472030E+03
1.03538970E+03 6.29734158E-01 +1.17766930E+03
1.03545430E+03 6.37244043E-01 +1.18062270E+03
1.03551880E+03 6.49267418E-01 +1.18359110E+03
1.03558340E+03 6.57549390E-01 +1.18657310E+03
1.03564790E+03 6.57381130E-01 +1.18955820E+03
1.03571250E+03 6.50836147E-01 +1.19253520E+03
1.03577710E+03 6.44651061E-01 +1.19550050E+03
1.03584170E+03 6.44307465E-01 +1.19846100E+03
1.03590630E+03 6.49196696E-01 +1.20142760E+03
1.03597090E+03 6.53701897E-01 +1.20440440E+03
1.03603550E+03 6.52888337E-01 +1.20738640E+03
1.03610010E+03 6.47093054E-01 +1.21036440E+03
1.03616470E+03 6.41709631E-01 +1.21333340E+03
1.03622930E+03 6.42432098E-01 +1.21629760E+03
1.03629400E+03 6.49846151E-01 +1.21926700E+03
1.03635860E+03 6.58609581E-01 +1.22224810E+03
1.03642330E+03 6.62130501E-01 +1.22523780E+03
1.03648800E+03 6.58153759E-01 +1.22822660E+03
1.03655260E+03 6.50667404E-01 +1.23120610E+03
1.03661730E+03 6.46827040E-01 +1.23417560E+03
1.03668200E+03 6.50977726E-01 +1.23714420E+03
1.03674670E+03 6.60782014E-01 +1.24012260E+03
1.03681140E+03 6.69327401E-01 +1.24311410E+03
1.03687610E+03 6.71020231E-01 +1.24611250E+03
1.03694080E+03 6.65886860E-01 +1.24910740E+03
1.03700560E+03 6.59322888E-01 +1.25209220E+03
1.03707030E+03 6.57728812E-01 +1.25506910E+03
1.03713500E+03 6.63216594E-01 +1.25804760E+03
1.03719980E+03 6.71960743E-01 +1.26103610E+03
1.03726460E+03 6.77760828E-01 +1.26403500E+03
1.03732930E+03 6.77223117E-01 +1.26703750E+03
1.03739410E+03 6.72156046E-01 +1.27003530E+03
1.03745890E+03 6.67755981E-01 +1.27302530E+03
1.03752370E+03 6.68120251E-01 +1.27601220E+03
1.03758850E+03 6.72682340E-01 +1.27900370E+03
1.03765330E+03 6.76849880E-01 +1.28200360E+03
1.03771810E+03 6.76284348E-01 +1.28500800E+03
1.03778300E+03 6.70979091E-01 +1.28800850E+03
1.03784780E+03 6.65929230E-01 +1.29099930E+03
1.03791260E+03 6.67666983E-01 +1.29398280E+03
1.03797750E+03 6.78798335E-01 +1.29696960E+03
1.03804230E+03 6.95242677E-01 +1.29997020E+03
1.03810720E+03 7.09107601E-01 +1.30298660E+03
1.03817210E+03 7.14410953E-01 +1.30601220E+03
1.03823700E+03 7.10766699E-01 +1.30903660E+03
1.03830190E+03 7.02865955E-01 +1.31205250E+03
1.03836680E+03 6.96600754E-01 +1.31505950E+03
1.03843170E+03 6.94639403E-01 +1.31806330E+03
1.03849660E+03 6.94988820E-01 +1.32107030E+03
1.03856150E+03 6.93793442E-01 +1.32408180E+03
1.03862640E+03 6.89611427E-01 +1.32709340E+03
1.03869140E+03 6.85303305E-01 +1.33010020E+03
1.03875630E+03 6.85972434E-01 +1.33310240E+03
1.03882130E+03 6.94460618E-01 +1.33610650E+03
1.03888620E+03 7.08167763E-01 +1.33912080E+03
1.03895120E+03 7.20260557E-01 +1.34214810E+03
1.03901620E+03 7.24291868E-01 +1.34518330E+03
1.03908120E+03 7.18547918E-01 +1.34821650E+03
1.03914620E+03 7.07364708E-01 +1.35123870E+03
1.03921120E+03 6.98583739E-01 +1.35424790E+03
1.03927620E+03 6.98241112E-01 +1.35725190E+03
1.03934120E+03 7.06290379E-01 +1.36026240E+03
1.03940630E+03 7.17434861E-01 +1.36328600E+03
1.03947130E+03 7.26070954E-01 +1.36631980E+03
1.03953630E+03 7.30442003E-01 +1.36935570E+03
1.03960140E+03 7.33015634E-01 +1.37238740E+03
1.03966650E+03 7.37432648E-01 +1.37541470E+03
1.03973150E+03 7.44515776E-01 +1.37844350E+03
1.03979660E+03 7.50855425E-01 +1.38147950E+03
1.03986170E+03 7.51527139E-01 +1.38452260E+03
1.03992680E+03 7.44498805E-01 +1.38756650E+03
1.03999190E+03 7.33091420E-01 +1.39060290E+03
1.04005700E+03 7.24834712E-01 +1.39362720E+03
1.04012210E+03 7.27165504E-01 +1.39664370E+03
1.04018720E+03 7.42396262E-01 +1.39966380E+03
1.04025240E+03 7.65924435E-01 +1.40269810E+03
1.04031750E+03 7.89327480E-01 +1.40574920E+03
1.04038270E+03 8.05350116E-01 +1.40881280E+03
1.04044780E+03 8.11045899E-01 +1.41188200E+03
1.04051300E+03 8.07835856E-01 +1.41495130E+03
1.04057820E+03 7.99147133E-01 +1.41801940E+03
1.04064340E+03 7.87257188E-01 +1.42108800E+03
1.04070860E+03 7.71493072E-01 +1.42415840E+03
1.04077380E+03 7.49187607E-01 +1.42722760E+03
1.04083900E+03 7.18810691E-01 +1.43028690E+03
1.04090420E+03 6.83289477E-01 +1.43332450E+03
1.04096940E+03 6.51265883E-01 +1.43633180E+03
1.04103460E+03 6.34158387E-01 +1.43931310E+03
1.04109990E+03 6.39203700E-01 +1.44228860E+03
1.04116510E+03 6.64522370E-01 +1.44528200E+03
1.04123040E+03 7.02203802E-01 +1.44830400E+03
1.04129570E+03 7.45135243E-01 +1.45135090E+03
1.04136090E+03 7.90132419E-01 +1.45441450E+03
1.04142620E+03 8.36473598E-01 +1.45748940E+03
1.04149150E+03 8.82850633E-01 +1.46057510E+03
1.04155680E+03 9.25506818E-01 +1.46367350E+03
1.04162210E+03 9.58788324E-01 +1.46678590E+03
1.04168740E+03 9.77451876E-01 +1.46991020E+03
1.04175280E+03 9.78946628E-01 +1.47304150E+03
1.04181810E+03 9.64303220E-01 +1.47617310E+03
1.04188340E+03 9.37411356E-01 +1.47929860E+03
1.04194880E+03 9.03213186E-01 +1.48241420E+03
1.04201410E+03 8.65548266E-01 +1.48551910E+03
1.04207950E+03 8.25620137E-01 +1.48861490E+03
1.04214490E+03 7.82244374E-01 +1.49170310E+03
1.04221020E+03 7.34195008E-01 +1.49478160E+03
1.04227560E+03 6.83263500E-01 +1.49784490E+03
1.04234100E+03 6.35805033E-01 +1.50088580E+03
1.04240640E+03 6.01216126E-01 +1.50390210E+03
1.04247190E+03 5.87335883E-01 +1.50690240E+03
1.04253730E+03 5.95449217E-01 +1.50990430E+03
1.04260270E+03 6.19615768E-01 +1.51292230E+03
1.04266810E+03 6.51291379E-01 +1.51595970E+03
1.04273360E+03 6.84656680E-01 +1.51901280E+03
1.04279900E+03 7.18680026E-01 +1.52207810E+03
1.04286450E+03 7.55488749E-01 +1.52515550E+03
1.04293000E+03 7.96959955E-01 +1.52824740E+03
1.04299550E+03 8.42148490E-01 +1.53135520E+03
1.04306100E+03 8.87022271E-01 +1.53447710E+03
1.04312640E+03 9.26204691E-01 +1.53760850E+03
1.04319200E+03 9.55547827E-01 +1.54074450E+03
1.04325750E+03 9.74116656E-01 +1.54388160E+03
1.04332300E+03 9.84365963E-01 +1.54701890E+03
1.04338850E+03 9.90360429E-01 +1.55015720E+03
1.04345400E+03 9.95199734E-01 +1.55329830E+03
1.04351960E+03 9.99231204E-01 +1.55016020E+03
1.04358510E+03 1.00000000E+00 +1.54702550E+03
1.04365070E+03 9.93850975E-01 +1.54389220E+03
1.04371630E+03 9.78238330E-01 +1.54075770E+03
1.04378190E+03 9.53424811E-01 +1.53762010E+03
1.04384740E+03 9.22549375E-01 +1.54076150E+03
1.04391300E+03 8.89981843E-01 +1.54389950E+03
1.04397860E+03 8.58980850E-01 +1.54703530E+03
1.04404430E+03 8.30123852E-01 +1.55016990E+03
1.04410990E+03 8.01437615E-01 +1.55330280E+03
1.04417550E+03 7.70105311E-01 +1.55643190E+03
1.04424110E+03 7.34732652E-01 +1.55955400E+03
1.04430680E+03 6.96816181E-01 +1.56266610E+03
1.04437240E+03 6.60487434E-01 +1.56576710E+03
1.04443810E+03 6.30634879E-01 +1.56885850E+03
1.04450380E+03 6.10509115E-01 +1.57194430E+03
1.04456940E+03 6.00296627E-01 +1.57502880E+03
1.04463510E+03 5.97558449E-01 +1.57811410E+03
1.04470080E+03 5.99163792E-01 +1.58119990E+03
1.04476650E+03 6.03395036E-01 +1.58428580E+03
1.04483220E+03 6.10875691E-01 +1.58737360E+03
1.04489800E+03 6.23782157E-01 +1.59046770E+03
1.04496370E+03 6.43982865E-01 +1.59357330E+03
1.04502940E+03 6.71413874E-01 +1.59669330E+03
1.04509520E+03 7.03606651E-01 +1.59982650E+03
1.04516090E+03 7.36518941E-01 +1.59668630E+03
1.04522670E+03 7.66317043E-01 +1.59355250E+03
1.04529240E+03 7.91258081E-01 +1.59042360E+03
1.04535820E+03 8.12498283E-01 +1.58729980E+03
1.04542400E+03 8.33144675E-01 +1.58418210E+03
1.04548980E+03 8.56013966E-01 +1.58107070E+03
1.04555560E+03 8.81488451E-01 +1.57796440E+03
1.04562140E+03 9.06930317E-01 +1.57486190E+03
1.04568720E+03 9.28214291E-01 +1.57176250E+03
1.04575300E+03 9.42457644E-01 +1.56866670E+03
1.04581890E+03 9.49999874E-01 +1.56557510E+03
1.04588470E+03 9.54095121E-01 +1.56248700E+03
1.04595060E+03 9.58504298E-01 +1.55940050E+03
1.04601640E+03 9.64863084E-01 +1.55631330E+03
1.04608230E+03 9.71838279E-01 +1.55322500E+03
1.04614820E+03 9.76525268E-01 +1.55013750E+03
1.04621410E+03 9.76781019E-01 +1.54705390E+03
1.04628000E+03 9.72628028E-01 +1.54397580E+03
1.04634590E+03 9.65735326E-01 +1.54090210E+03
1.04641180E+03 9.57681753E-01 +1.53782910E+03
1.04647770E+03 9.48803294E-01 +1.53475350E+03
1.04654360E+03 9.38618128E-01 +1.53167440E+03
1.04660950E+03 9.27021111E-01 +1.52859410E+03
1.04667550E+03 9.14827301E-01 +1.52551620E+03
1.04674140E+03 9.03158319E-01 +1.52244300E+03
1.04680740E+03 8.92295080E-01 +1.51937420E+03
1.04687340E+03 8.81082913E-01 +1.51630740E+03
1.04693930E+03 8.67557301E-01 +1.51323980E+03
1.04700530E+03 8.50433589E-01 +1.51017040E+03
1.04707130E+03 8.30308912E-01 +1.50710010E+03
1.04713730E+03 8.09556107E-01 +1.50403080E+03
1.04720330E+03 7.90865387E-01 +1.50096380E+03
1.04726930E+03 7.75441700E-01 +1.49789900E+03
1.04733540E+03 7.62158750E-01 +1.49483540E+03
1.04740140E+03 7.48323680E-01 +1.49177260E+03
1.04746740E+03 7.31590828E-01 +1.48871120E+03
1.04753350E+03 7.11656567E-01 +1.48565270E+03
1.04759960E+03 6.90383966E-01 +1.48259710E+03
1.04766560E+03 6.70235056E-01 +1.47954270E+03
1.04773170E+03 6.52400989E-01 +1.47648660E+03
1.04779780E+03 6.36238187E-01 +1.47342760E+03
1.04786390E+03 6.20283234E-01 +1.47036740E+03
1.04793000E+03 6.03732043E-01 +1.46731030E+03
1.04799610E+03 5.87058183E-01 +1.46425960E+03
1.04806220E+03 5.71275284E-01 +1.46121530E+03
1.04812830E+03 5.56582716E-01 +1.45817340E+03
1.04819450E+03 5.41859880E-01 +1.45512940E+03
1.04826060E+03 5.25706772E-01 +1.45208140E+03
1.04832680E+03 5.08026830E-01 +1.44903100E+03
1.04839290E+03 4.90503129E-01 +1.44598180E+03
1.04845910E+03 4.75423495E-01 +1.44293600E+03
1.04852530E+03 4.63852175E-01 +1.43989280E+03
1.04859140E+03 4.54690488E-01 +1.43685040E+03
1.04865760E+03 4.45394163E-01 +1.43380810E+03
1.04872380E+03 4.33778227E-01 +1.43076730E+03
1.04879000E+03 4.19518438E-01 +1.42773050E+03
1.04885630E+03 4.04184883E-01 +1.42469800E+03
1.04892250E+03 3.89798102E-01 +1.42166620E+03
1.04898870E+03 3.77234105E-01 +1.41862980E+03
1.04905500E+03 3.65948740E-01 +1.41558650E+03
1.04912120E+03 3.55038589E-01 +1.41253950E+03
1.04918750E+03 3.44364052E-01 +1.40949570E+03
1.04925370E+03 3.34661650E-01 +1.40646020E+03
1.04932000E+03 3.26552829E-01 +1.40343290E+03
1.04938630E+03 3.19376987E-01 +1.40040820E+03
1.04945260E+03 3.11256055E-01 +1.39738080E+03
1.04951890E+03 3.00672029E-01 +1.39434970E+03
1.04958520E+03 2.88014264E-01 +1.39131730E+03
1.04965150E+03 2.75481263E-01 +1.38828600E+03
1.04971780E+03 2.65383349E-01 +1.38525420E+03
1.04978420E+03 2.58380537E-01 +1.38221880E+03
1.04985050E+03 2.53207389E-01 +1.37917980E+03
1.04991690E+03 2.47977225E-01 +1.37614250E+03
1.04998320E+03 2.41722219E-01 +1.37311350E+03
1.05004960E+03 2.34777148E-01 +1.37009520E+03
1.05011600E+03 2.27803747E-01 +1.36708210E+03
1.05018240E+03 2.20717045E-01 +1.36406490E+03
1.05024880E+03 2.12885502E-01 +1.36103730E+03
1.05031520E+03 2.04257673E-01 +1.35800030E+03
1.05038160E+03 1.95904239E-01 +1.35495940E+03
1.05044800E+03 1.89324423E-01 +1.35192050E+03
1.05051440E+03 1.85220223E-01 +1.34888580E+03
1.05058090E+03 1.82842328E-01 +1.34585460E+03
1.05064730E+03 1.80437823E-01 +1.34282580E+03
1.05071370E+03 1.76413908E-01 +1.33980060E+03
1.05078020E+03 1.70316640E-01 +1.33677990E+03
1.05084670E+03 1.62916614E-01 +1.33376210E+03
1.05091320E+03 1.55424744E-01 +1.33074080E+03
1.05097960E+03 1.48641555E-01 +1.32770880E+03
1.05104610E+03 1.42790700E-01 +1.32466390E+03
1.05111260E+03 1.37873859E-01 +1.32161160E+03
1.05117910E+03 1.33924426E-01 +1.31856270E+03
1.05124570E+03 1.30924841E-01 +1.31552560E+03
1.05131220E+03 1.28532354E-01 +1.31250200E+03
1.05137870E+03 1.25915889E-01 +1.30948770E+03
1.05144530E+03 1.22034192E-01 +1.30647710E+03
1.05151180E+03 1.16290378E-01 +1.30346660E+03
1.05157840E+03 1.09026373E-01 +1.30045300E+03
1.05164500E+03 1.01406080E-01 +1.29743140E+03
1.05171150E+03 9.47721795E-02 +1.29439520E+03
1.05177810E+03 9.00037527E-02 +1.29134240E+03
1.05184470E+03 8.72518693E-02 +1.28828200E+03
1.05191130E+03 8.60195478E-02 +1.28523150E+03
1.05197790E+03 8.54873605E-02 +1.28220540E+03
1.05204460E+03 8.48462893E-02 +1.27920570E+03
1.05211120E+03 8.33176398E-02 +1.27622140E+03
1.05217780E+03 8.01498253E-02 +1.27323760E+03
1.05224450E+03 7.50779275E-02 +1.27024350E+03
1.05231110E+03 6.88351204E-02 +1.26723330E+03
1.05237780E+03 6.29631075E-02 +1.26420330E+03
1.05244450E+03 5.89628917E-02 +1.26115260E+03
1.05251110E+03 5.74531705E-02 +1.25808890E+03
1.05257780E+03 5.78965120E-02 +1.25502970E+03
1.05264450E+03 5.90372154E-02 +1.25199270E+03
1.05271120E+03 5.96914667E-02 +1.24898660E+03
1.05277790E+03 5.92419125E-02 +1.24600900E+03
1.05284470E+03 5.75630159E-02 +1.24304780E+03
1.05291140E+03 5.47057776E-02 +1.24008570E+03
1.05297810E+03 5.08024232E-02 +1.23710390E+03
1.05304490E+03 4.62689410E-02 +1.23408640E+03
1.05311160E+03 4.19906680E-02 +1.23102510E+03
1.05317840E+03 3.91301687E-02 +1.22792970E+03
1.05324520E+03 3.84792178E-02 +1.22483350E+03
1.05331200E+03 3.98855112E-02 +1.22177210E+03
1.05337870E+03 4.23389124E-02 +1.21875620E+03
1.05344550E+03 4.44559906E-02 +1.21577610E+03
1.05351240E+03 4.50645681E-02 +1.21282020E+03
1.05357920E+03 4.37321266E-02 +1.20987930E+03
1.05364600E+03 4.07683517E-02 +1.20693820E+03
1.05371280E+03 3.67095056E-02 +1.20396970E+03
1.05377970E+03 3.21425279E-02 +1.20094010E+03
1.05384650E+03 2.81791549E-02 +1.19782520E+03
1.05391340E+03 2.64435705E-02 +1.20092780E+03
1.05398020E+03 2.76964593E-02 +1.20404970E+03
1.05404710E+03 3.09119763E-02 +1.20097500E+03
1.05411400E+03 3.43038467E-02 +1.19798300E+03
1.05418090E+03 3.64391109E-02 +1.19504790E+03
1.05424780E+03 3.67043036E-02 +1.19214830E+03
1.05431470E+03 3.51746201E-02 +1.18926140E+03
1.05438160E+03 3.20570772E-02 +1.18635600E+03
1.05444850E+03 2.75624157E-02 +1.18339580E+03
1.05451550E+03 2.24747941E-02 +1.18033670E+03
1.05458240E+03 1.86426136E-02 +1.18341600E+03
1.05464940E+03 1.82381860E-02 +1.18640630E+03
1.05471630E+03 2.12224233E-02 +1.18949300E+03
1.05478330E+03 2.54731443E-02 +1.18644620E+03
1.05485030E+03 2.92152491E-02 +1.18349750E+03
1.05491730E+03 3.15473671E-02 +1.18060320E+03
1.05498420E+03 3.21121535E-02 +1.17773410E+03
1.05505120E+03 3.07087859E-02 +1.17486670E+03
1.05511830E+03 2.72439569E-02 +1.17198170E+03
1.05518530E+03 2.20480761E-02 +1.16905620E+03
1.05525230E+03 1.61481652E-02 +1.16603630E+03
1.05531930E+03 1.15511307E-02 +1.16907360E+03
1.05538640E+03 1.13396803E-02 +1.17189020E+03
1.05545340E+03 1.54439733E-02 +1.17492410E+03
1.05552050E+03 2.06518379E-02 +1.17191170E+03
1.05558760E+03 2.49444262E-02 +1.16900420E+03
1.05565460E+03 2.73914645E-02 +1.16614840E+03
1.05572170E+03 2.78305129E-02 +1.16332160E+03
1.05578880E+03 2.64272990E-02 +1.16050010E+03
1.05585590E+03 2.32000470E-02 +1.15765580E+03
1.05592300E+03 1.82336645E-02 +1.15475890E+03
1.05599020E+03 1.23255933E-02 +1.15174380E+03
1.05605730E+03 7.66787630E-03 +1.15466300E+03
1.05612440E+03 8.39544353E-03 +1.15727180E+03
1.05619160E+03 1.31338711E-02 +1.16035530E+03
1.05625870E+03 1.83325178E-02 +1.15741290E+03
1.05632590E+03 2.27213620E-02 +1.15454640E+03
1.05639310E+03 2.56784589E-02 +1.15170430E+03
1.05646030E+03 2.68222747E-02 +1.14886580E+03
1.05652740E+03 2.58579926E-02 +1.14601820E+03
1.05659460E+03 2.27383192E-02 +1.14315130E+03
1.05666190E+03 1.79010218E-02 +1.14024180E+03
1.05672910E+03 1.22845859E-02 +1.13720450E+03
1.05679630E+03 8.10220822E-03 +1.14005490E+03
1.05686350E+03 9.81677600E-03 +1.14264940E+03
1.05693080E+03 1.53179924E-02 +1.14572390E+03
1.05699800E+03 2.05498659E-02 +1.14275670E+03
1.05706530E+03 2.41428041E-02 +1.13988040E+03
1.05713250E+03 2.58038340E-02 +1.13704760E+03
1.05719980E+03 2.56035158E-02 +1.13423320E+03
1.05726710E+03 2.36629472E-02 +1.13141610E+03
1.05733440E+03 2.00578314E-02 +1.12856890E+03
1.05740170E+03 1.49132542E-02 +1.12563920E+03
1.05746900E+03 9.09467570E-03 +1.12874400E+03
1.05753630E+03 6.90677479E-03 +1.13118800E+03
1.05760360E+03 1.16215261E-02 +1.13395420E+03
1.05767100E+03 1.73101901E-02 +1.13093170E+03
1.05773830E+03 2.17738816E-02 +1.12805570E+03
1.05780570E+03 2.46060946E-02 +1.12522950E+03
1.05787300E+03 2.55639880E-02 +1.12241310E+03
1.05794040E+03 2.43790568E-02 +1.11958780E+03
1.05800780E+03 2.10471024E-02 +1.11674270E+03
1.05807520E+03 1.60360849E-02 +1.11385810E+03
1.05814260E+03 1.03037804E-02 +1.11085590E+03
1.05821000E+03 5.91376750E-03 +1.11368330E+03
1.05827740E+03 7.53882119E-03 +1.11615530E+03
1.05834480E+03 1.26994201E-02 +1.11926440E+03
1.05841220E+03 1.76532717E-02 +1.11632240E+03
1.05847970E+03 2.12034488E-02 +1.11344710E+03
1.05854710E+03 2.28745962E-02 +1.11059950E+03
1.05861460E+03 2.25887518E-02 +1.10776110E+03
1.05868200E+03 2.04098070E-02 +1.10491480E+03
1.05874950E+03 1.65275243E-02 +1.10204000E+03
1.05881700E+03 1.15048898E-02 +1.09909080E+03
1.05888450E+03 6.66036170E-03 +1.10215390E+03
1.05895200E+03 5.84250451E-03 +1.10460820E+03
1.05901950E+03 1.02535209E-02 +1.10752920E+03
1.05908700E+03 1.56376514E-02 +1.10454520E+03
1.05915450E+03 2.02185037E-02 +1.10164970E+03
1.05922210E+03 2.29656289E-02 +1.09878070E+03
1.05928960E+03 2.33658396E-02 +1.09592610E+03
1.05935710E+03 2.14815086E-02 +1.09308060E+03
1.05942470E+03 1.77573438E-02 +1.09023240E+03
1.05949230E+03 1.27900066E-02 +1.08734850E+03
1.05955980E+03 7.34634385E-03 +1.08430490E+03
1.05962740E+03 4.02816211E-03 +1.08676160E+03
1.05969500E+03 7.62512767E-03 +1.08930190E+03
1.05976260E+03 1.28212406E-02 +1.08628370E+03
1.05983020E+03 1.73924357E-02 +1.08341470E+03
1.05989790E+03 2.08010437E-02 +1.08058400E+03
1.05996550E+03 2.26092585E-02 +1.07775660E+03
1.06003310E+03 2.23471736E-02 +1.07491900E+03
1.06010080E+03 1.98205436E-02 +1.07206750E+03
1.06016840E+03 1.53529824E-02 +1.06919170E+03
1.06023610E+03 9.67789822E-03 +1.06623290E+03
1.06030380E+03 4.33447932E-03 +1.06909210E+03
1.06037140E+03 5.59843076E-03 +1.07114870E+03
1.06043910E+03 1.06479463E-02 +1.07428290E+03
1.06050680E+03 1.50944195E-02 +1.07141120E+03
1.06057450E+03 1.86960220E-02 +1.06860400E+03
1.06064220E+03 2.12598476E-02 +1.06579200E+03
1.06071000E+03 2.18994413E-02 +1.06295120E+03
1.06077770E+03 1.99188451E-02 +1.06009740E+03
1.06084540E+03 1.58536337E-02 +1.05726060E+03
1.06091320E+03 1.10910238E-02 +1.05443840E+03
1.06098090E+03 6.43986366E-03 +1.05149310E+03
1.06104870E+03 3.28209095E-03 +1.05394740E+03
1.06111650E+03 7.20462005E-03 +1.05635050E+03
1.06118430E+03 1.28707797E-02 +1.05329810E+03
1.06125210E+03 1.75596261E-02 +1.05039670E+03
1.06131990E+03 2.07133213E-02 +1.04754680E+03
1.06138770E+03 2.21552533E-02 +1.04471520E+03
1.06145550E+03 2.17771033E-02 +1.04188830E+03
1.06152330E+03 1.97809583E-02 +1.03905660E+03
1.06159110E+03 1.65398386E-02 +1.03618860E+03
1.06165900E+03 1.22984133E-02 +1.03320920E+03
1.06172680E+03 8.01162730E-03 +1.03621260E+03
1.06179470E+03 7.34450897E-03 +1.03876050E+03
1.06186260E+03 1.11456749E-02 +1.04166910E+03
1.06193040E+03 1.56832334E-02 +1.03865800E+03
1.06199830E+03 1.96978740E-02 +1.03575660E+03
1.06206620E+03 2.24102365E-02 +1.03286940E+03
1.06213410E+03 2.29223921E-02 +1.02997450E+03
1.06220200E+03 2.10597559E-02 +1.02707890E+03
1.06227000E+03 1.75867550E-02 +1.02417810E+03
1.06233790E+03 1.34368393E-02 +1.02121670E+03
1.06240580E+03 9.44835922E-03 +1.02431970E+03
1.06247380E+03 8.11859434E-03 +1.02700900E+03
1.06254170E+03 1.15485280E-02 +1.02981930E+03
1.06260970E+03 1.65411348E-02 +1.02671240E+03
1.06267770E+03 2.09067425E-02 +1.02376480E+03
1.06274570E+03 2.39314594E-02 +1.02087550E+03
1.06281370E+03 2.51098580E-02 +1.01799750E+03
1.06288170E+03 2.39959753E-02 +1.01511090E+03
1.06294970E+03 2.06448592E-02 +1.01220580E+03
1.06301770E+03 1.57431175E-02 +1.00925670E+03
1.06308570E+03 1.04110192E-02 +1.00616740E+03
1.06315370E+03 6.91166709E-03 +1.00893460E+03
1.06322180E+03 8.91295877E-03 +1.01154330E+03
1.06328980E+03 1.39372085E-02 +1.01464280E+03
1.06335790E+03 1.90016378E-02 +1.01167110E+03
1.06342600E+03 2.30251645E-02 +1.00877060E+03
1.06349410E+03 2.53178346E-02 +1.00589800E+03
1.06356210E+03 2.53982997E-02 +1.00303870E+03
1.06363020E+03 2.31670566E-02 +1.00018580E+03
1.06369830E+03 1.89113392E-02 +9.97325960E+02
1.06376650E+03 1.31252973E-02 +9.94418650E+02
1.06383460E+03 6.67671109E-03 +9.91279650E+02
1.06390270E+03 4.54214454E-03 +9.93297830E+02
1.06397080E+03 1.02737875E-02 +9.96112070E+02
1.06403900E+03 1.61224579E-02 +9.93165640E+02
1.06410710E+03 2.06753295E-02 +9.90316140E+02
1.06417530E+03 2.35133456E-02 +9.87492960E+02
1.06424350E+03 2.42318889E-02 +9.84677650E+02
1.06431170E+03 2.27191690E-02 +9.81872700E+02
1.06437990E+03 1.94078806E-02 +9.79081060E+02
1.06444810E+03 1.48038012E-02 +9.76283810E+02
1.06451630E+03 8.98166243E-03 +9.73422510E+02
1.06458450E+03 2.42979511E-03 +9.76291940E+02
1.06465270E+03 6.18034368E-03 +9.77696010E+02
1.06472100E+03 1.30188698E-02 +9.74728860E+02
1.06478920E+03 1.85345658E-02 +9.71891990E+02
1.06485750E+03 2.24685705E-02 +9.69089760E+02
1.06492570E+03 2.46077910E-02 +9.66290340E+02
1.06499400E+03 2.44751921E-02 +9.63483470E+02
1.06506230E+03 2.18983381E-02 +9.60677130E+02
1.06513060E+03 1.74098179E-02 +9.57881580E+02
1.06519890E+03 1.18313571E-02 +9.55085960E+02
1.06526720E+03 5.64150911E-03 +9.52196450E+02
1.06533550E+03 2.08731890E-03 +9.53609320E+02
1.06540380E+03 8.89823421E-03 +9.56484820E+02
1.06547210E+03 1.56767462E-02 +9.53599340E+02
1.06554050E+03 2.10590838E-02 +9.50756270E+02
1.06560880E+03 2.43604450E-02 +9.47932170E+02
1.06567720E+03 2.53605065E-02 +9.45123060E+02
1.06574550E+03 2.41159601E-02 +9.42325790E+02
1.06581390E+03 2.08514470E-02 +9.39539250E+02
1.06588230E+03 1.59995159E-02 +9.36762280E+02
1.06595070E+03 1.00301421E-02 +9.33979960E+02
1.06601910E+03 3.20555315E-03 +9.31084650E+02
1.06608750E+03 4.39630504E-03 +9.31758150E+02
1.06615590E+03 1.18134466E-02 +9.28866470E+02
1.06622440E+03 1.81579578E-02 +9.26038380E+02
1.06629280E+03 2.26248125E-02 +9.23228680E+02
1.06636120E+03 2.48727132E-02 +9.20432510E+02
1.06642970E+03 2.47931676E-02 +9.17644560E+02
1.06649820E+03 2.23886719E-02 +9.14862300E+02
1.06656660E+03 1.78841427E-02 +9.12087580E+02
1.06663510E+03 1.17595259E-02 +9.09324650E+02
1.06670360E+03 4.59909045E-03 +9.06595740E+02
1.06677210E+03 3.05382601E-03 +9.06804820E+02
1.06684060E+03 1.04612222E-02 +9.04095300E+02
1.06690910E+03 1.68606542E-02 +9.01323540E+02
1.06697770E+03 2.15667536E-02 +8.98546880E+02
1.06704620E+03 2.42712443E-02 +8.95772720E+02
1.06711470E+03 2.49173584E-02 +8.92998430E+02
1.06718330E+03 2.34354752E-02 +8.90219670E+02
1.06725180E+03 1.98189586E-02 +8.87441220E+02
1.06732040E+03 1.44822043E-02 +8.84683810E+02
1.06738900E+03 8.30581284E-03 +8.81994420E+02
1.06745760E+03 2.29247303E-03 +8.79723240E+02
1.06752620E+03 4.63313889E-03 +8.79237020E+02
1.06759480E+03 1.09273144E-02 +8.76664370E+02
1.06766340E+03 1.69077219E-02 +8.73932160E+02
1.06773200E+03 2.13669974E-02 +8.71154510E+02
1.06780060E+03 2.34025249E-02 +8.68372680E+02
1.06786930E+03 2.30288723E-02 +8.65609400E+02
1.06793790E+03 2.08255199E-02 +8.62864250E+02
1.06800660E+03 1.71098507E-02 +8.60120090E+02
1.06807530E+03 1.18683626E-02 +8.57366780E+02
1.06814390E+03 5.34095160E-03 +8.54623430E+02
1.06821260E+03 1.86107998E-03 +8.54808170E+02
1.06828130E+03 8.98414720E-03 +8.52152690E+02
1.06835000E+03 1.55820470E-02 +8.49399770E+02
1.06841870E+03 2.11782060E-02 +8.46631210E+02
1.06848740E+03 2.51153111E-02 +8.43849480E+02
1.06855620E+03 2.67518201E-02 +8.41063290E+02
1.06862490E+03 2.59646804E-02 +8.38284180E+02
1.06869370E+03 2.31904280E-02 +8.35511390E+02
1.06876240E+03 1.87374630E-02 +8.32719950E+02
1.06883120E+03 1.24330270E-02 +8.29860080E+02
1.06889990E+03 4.62620103E-03 +8.32967610E+02
1.06896870E+03 5.68521249E-03 +8.34255400E+02
1.06903750E+03 1.37808773E-02 +8.31164910E+02
1.06910630E+03 2.03306257E-02 +8.28299690E+02
1.06917510E+03 2.48127661E-02 +8.25488210E+02
1.06924390E+03 2.71831352E-02 +8.22693430E+02
1.06931280E+03 2.72100292E-02 +8.19897450E+02
1.06938160E+03 2.46709066E-02 +8.17097470E+02
1.06945040E+03 1.97792121E-02 +8.14298080E+02
1.06951930E+03 1.31910276E-02 +8.11499830E+02
1.06958820E+03 5.72982364E-03 +8.08669800E+02
1.06965700E+03 2.04874820E-03 +8.09477480E+02
1.06972590E+03 9.34977379E-03 +8.06491470E+02
1.06979480E+03 1.62441805E-02 +8.03712830E+02
1.06986370E+03 2.21942463E-02 +8.00928590E+02
1.06993260E+03 2.62081220E-02 +7.98125850E+02
1.07000150E+03 2.73968964E-02 +7.95315890E+02
1.07007040E+03 2.56936936E-02 +7.92512960E+02
1.07013940E+03 2.17492588E-02 +7.89718090E+02
1.07020830E+03 1.62169624E-02 +7.86908890E+02
1.07027730E+03 9.51924698E-03 +7.84015780E+02
1.07034620E+03 3.13954282E-03 +7.86697950E+02
1.07041520E+03 7.23344697E-03 +7.88602530E+02
1.07048420E+03 1.44191362E-02 +7.85616780E+02
1.07055310E+03 2.05526497E-02 +7.82768910E+02
1.07062210E+03 2.47304707E-02 +7.79952850E+02
1.07069110E+03 2.65502100E-02 +7.77155490E+02
1.07076010E+03 2.61840690E-02 +7.74373060E+02
1.07082920E+03 2.40424142E-02 +7.71591990E+02
1.07089820E+03 2.02346169E-02 +7.68785580E+02
1.07096720E+03 1.46071120E-02 +7.65917330E+02
1.07103630E+03 7.56970138E-03 +7.62871030E+02
1.07110530E+03 3.59419296E-03 +7.64826760E+02
1.07117440E+03 9.75988576E-03 +7.67479420E+02
1.07124350E+03 1.64021358E-02 +7.64558840E+02
1.07131260E+03 2.21321129E-02 +7.61727350E+02
1.07138170E+03 2.62512400E-02 +7.58901310E+02
1.07145080E+03 2.77050252E-02 +7.56066760E+02
1.07151990E+03 2.59911608E-02 +7.53233980E+02
1.07158900E+03 2.16303331E-02 +7.50411920E+02
1.07165810E+03 1.56433085E-02 +7.47587510E+02
1.07172730E+03 8.89582217E-03 +7.44677860E+02
1.07179640E+03 3.27706668E-03 +7.47226000E+02
1.07186560E+03 7.92919025E-03 +7.49384900E+02
1.07193470E+03 1.53305023E-02 +7.46404210E+02
1.07200390E+03 2.18477422E-02 +7.43550290E+02
1.07207310E+03 2.63682421E-02 +7.40730290E+02
1.07214230E+03 2.84480210E-02 +7.37933270E+02
1.07221150E+03 2.82370491E-02 +7.35150430E+02
1.07228070E+03 2.58556495E-02 +7.32365140E+02
1.07234990E+03 2.12464232E-02 +7.29566590E+02
1.07241910E+03 1.48093346E-02 +7.26751360E+02
1.07248830E+03 7.53011022E-03 +7.23860090E+02
1.07255760E+03 2.17093574E-03 +7.25898630E+02
1.07262680E+03 8.48969252E-03 +7.28343400E+02
1.07269610E+03 1.56298480E-02 +7.25466480E+02
1.07276540E+03 2.14969519E-02 +7.22660710E+02
1.07283470E+03 2.54112485E-02 +7.19880310E+02
1.07290390E+03 2.72009606E-02 +7.17112770E+02
1.07297320E+03 2.68394974E-02 +7.14347360E+02
1.07304250E+03 2.43858748E-02 +7.11576050E+02
1.07311190E+03 2.00679695E-02 +7.08784810E+02
1.07318120E+03 1.41382248E-02 +7.05935100E+02
1.07325050E+03 7.15839849E-03 +7.02867840E+02
1.07331990E+03 4.25476744E-03 +7.04800940E+02
1.07338920E+03 1.06561072E-02 +7.07589170E+02
1.07345860E+03 1.70358308E-02 +7.04673360E+02
1.07352790E+03 2.20284614E-02 +7.01860620E+02
1.07359730E+03 2.54800934E-02 +6.99078060E+02
1.07366670E+03 2.70338458E-02 +6.96295370E+02
1.07373610E+03 2.61022579E-02 +6.93503570E+02
1.07380550E+03 2.24338722E-02 +6.90709280E+02
1.07387490E+03 1.64783846E-02 +6.87925090E+02
1.07394430E+03 9.13760800E-03 +6.85163800E+02
1.07401380E+03 1.30945382E-03 +6.82595980E+02
1.07408320E+03 6.36938639E-03 +6.82701930E+02
1.07415270E+03 1.30900691E-02 +6.79976370E+02
1.07422210E+03 1.84472890E-02 +6.77246170E+02
1.07429160E+03 2.23372131E-02 +6.74518250E+02
1.07436110E+03 2.45645468E-02 +6.71779610E+02
1.07443060E+03 2.45774559E-02 +6.69025430E+02
1.07450010E+03 2.20280896E-02 +6.66268530E+02
1.07456960E+03 1.73062867E-02 +6.63529620E+02
1.07463910E+03 1.12317140E-02 +6.60827100E+02
1.07470860E+03 4.43574999E-03 +6.58230440E+02
1.07477810E+03 3.10552112E-03 +6.58176730E+02
1.07484770E+03 1.05461638E-02 +6.55652930E+02
1.07491720E+03 1.77492242E-02 +6.52947770E+02
1.07498680E+03 2.38700281E-02 +6.50206220E+02
1.07505630E+03 2.79728903E-02 +6.47446920E+02
1.07512590E+03 2.94283873E-02 +6.44683300E+02
1.07519550E+03 2.83190877E-02 +6.41922850E+02
1.07526510E+03 2.52146372E-02 +6.39155120E+02
1.07533470E+03 2.04912186E-02 +6.36340270E+02
1.07540430E+03 1.42900395E-02 +6.33383310E+02
1.07547390E+03 8.51322113E-03 +6.36233030E+02
1.07554360E+03 1.09717847E-02 +6.38627190E+02
1.07561320E+03 1.92092717E-02 +6.41706860E+02
1.07568280E+03 2.71771034E-02 +6.38773070E+02
1.07575250E+03 3.33909599E-02 +6.35923700E+02
1.07582220E+03 3.74122239E-02 +6.33105240E+02
1.07589180E+03 3.89476007E-02 +6.30294110E+02
1.07596150E+03 3.78798165E-02 +6.27477160E+02
1.07603120E+03 3.43959198E-02 +6.24638890E+02
1.07610090E+03 2.89244186E-02 +6.21750330E+02
1.07617060E+03 2.23803747E-02 +6.18752730E+02
1.07624040E+03 1.70984295E-02 +6.21818760E+02
1.07631010E+03 1.71308327E-02 +6.24697870E+02
1.07637980E+03 2.28349132E-02 +6.27765400E+02
1.07644960E+03 3.04790582E-02 +6.24774480E+02
1.07651930E+03 3.74948943E-02 +6.21890440E+02
1.07658910E+03 4.24981353E-02 +6.19057140E+02
1.07665890E+03 4.49370437E-02 +6.16251860E+02
1.07672860E+03 4.48446396E-02 +6.13457980E+02
1.07679840E+03 4.23765112E-02 +6.10655710E+02
1.07686820E+03 3.76351976E-02 +6.07821530E+02
1.07693800E+03 3.10168088E-02 +6.04923950E+02
1.07700790E+03 2.37888520E-02 +6.01905650E+02
1.07707770E+03 1.86971541E-02 +6.04965620E+02
1.07714750E+03 1.89857412E-02 +6.07917400E+02
1.07721740E+03 2.36766381E-02 +6.11056270E+02
1.07728720E+03 2.94172925E-02 +6.08107560E+02
1.07735710E+03 3.44348907E-02 +6.05261310E+02
1.07742700E+03 3.79682723E-02 +6.02462890E+02
1.07749690E+03 3.95709527E-02 +5.99686330E+02
1.07756680E+03 3.90548819E-02 +5.96919070E+02
1.07763670E+03 3.64677981E-02 +5.94150860E+02
1.07770660E+03 3.19474490E-02 +5.91369560E+02
1.07777650E+03 2.58028332E-02 +5.88559810E+02
1.07784640E+03 1.87386205E-02 +5.85688290E+02
1.07791630E+03 1.20219520E-02 +5.82648900E+02
1.07798630E+03 8.39870389E-03 +5.85489450E+02
1.07805630E+03 1.05003890E-02 +5.88322850E+02
1.07812620E+03 1.46846781E-02 +5.85310890E+02
1.07819620E+03 1.84377596E-02 +5.82505950E+02
1.07826620E+03 2.13737589E-02 +5.79783550E+02
1.07833620E+03 2.33476239E-02 +5.77092180E+02
1.07840620E+03 2.41143789E-02 +5.74416410E+02
1.07847620E+03 2.37128503E-02 +5.71757470E+02
1.07854620E+03 2.24606153E-02 +5.69111340E+02
1.07861620E+03 2.04976013E-02 +5.66465550E+02
1.07868630E+03 1.77500552E-02 +5.63814280E+02
1.07875630E+03 1.43003080E-02 +5.61161480E+02
1.07882640E+03 1.04097603E-02 +5.58503880E+02
1.07889640E+03 6.23832846E-03 +5.55802420E+02
1.07896650E+03 1.95160370E-03 +5.52701910E+02
1.07903660E+03 3.59382846E-03 +5.54179070E+02
1.07910670E+03 8.50626328E-03 +5.51309130E+02
1.07917680E+03 1.31767735E-02 +5.48584770E+02
1.07924690E+03 1.72553073E-02 +5.45895520E+02
1.07931700E+03 2.06249897E-02 +5.43218190E+02
1.07938710E+03 2.30770568E-02 +5.40537380E+02
1.07945730E+03 2.42572705E-02 +5.37847300E+02
1.07952740E+03 2.39301843E-02 +5.35150040E+02
1.07959760E+03 2.21576244E-02 +5.32448380E+02
1.07966770E+03 1.92476043E-02 +5.29738450E+02
1.07973790E+03 1.55657846E-02 +5.26999700E+02
1.07980810E+03 1.13796472E-02 +5.24175570E+02
1.07987830E+03 7.23225186E-03 +5.21106040E+02
1.07994850E+03 5.65152758E-03 +5.23777940E+02
1.08001870E+03 8.59800634E-03 +5.26657830E+02
1.08008890E+03 1.26184088E-02 +5.23712240E+02
1.08015920E+03 1.63778753E-02 +5.20936080E+02
1.08022940E+03 1.99207844E-02 +5.18212220E+02
1.08029960E+03 2.29274706E-02 +5.15479790E+02
1.08036990E+03 2.44291932E-02 +5.12723610E+02
1.08044020E+03 2.36949638E-02 +5.09961670E+02
1.08051040E+03 2.09928219E-02 +5.07222350E+02
1.08058070E+03 1.74218865E-02 +5.04520790E+02
1.08065100E+03 1.38985747E-02 +5.01828760E+02
1.08072130E+03 1.03639934E-02 +4.99068760E+02
1.08079160E+03 6.52032369E-03 +4.96108440E+02
1.08086190E+03 3.86931648E-03 +4.98797440E+02
1.08093230E+03 5.98863657E-03 +5.01383420E+02
1.08100260E+03 9.63347295E-03 +4.98364580E+02
1.08107300E+03 1.26360524E-02 +4.95552850E+02
1.08114330E+03 1.46576407E-02 +4.92832180E+02
1.08121370E+03 1.60135130E-02 +4.90171460E+02
1.08128410E+03 1.71240860E-02 +4.87532410E+02
1.08135440E+03 1.77861991E-02 +4.84878430E+02
1.08142480E+03 1.74288075E-02 +4.82210750E+02
1.08149520E+03 1.59797397E-02 +4.79557930E+02
1.08156560E+03 1.40076276E-02 +4.76939620E+02
1.08163610E+03 1.20358161E-02 +4.74333750E+02
1.08170650E+03 9.81878511E-03 +4.71679430E+02
1.08177690E+03 6.63408208E-03 +4.68922220E+02
1.08184740E+03 2.47102920E-03 +4.65890200E+02
1.08191780E+03 2.46614927E-03 +4.67156650E+02
1.08198830E+03 5.89553076E-03 +4.64234700E+02
1.08205880E+03 8.80160519E-03 +4.61633360E+02
1.08212930E+03 1.24256762E-02 +4.59068140E+02
1.08219980E+03 1.65586977E-02 +4.56412940E+02
1.08227030E+03 1.95812341E-02 +4.53694650E+02
1.08234080E+03 2.05819180E-02 +4.50975250E+02
1.08241130E+03 1.99923263E-02 +4.48286950E+02
1.08248180E+03 1.85809620E-02 +4.45616540E+02
1.08255240E+03 1.63433546E-02 +4.42931000E+02
1.08262290E+03 1.29381154E-02 +4.40224900E+02
1.08269350E+03 8.66167420E-03 +4.37518900E+02
1.08276410E+03 4.26445026E-03 +4.34798640E+02
1.08283460E+03 6.74136618E-04 +4.36997710E+02
1.08290520E+03 4.39962498E-03 +4.39296640E+02
1.08297580E+03 8.78121643E-03 +4.36551690E+02
1.08304640E+03 1.27900891E-02 +4.33826130E+02
1.08311700E+03 1.57331465E-02 +4.31105780E+02
1.08318770E+03 1.72958105E-02 +4.28410090E+02
1.08325830E+03 1.78190895E-02 +4.25751800E+02
1.08332890E+03 1.78767380E-02 +4.23115690E+02
1.08339960E+03 1.75228782E-02 +4.20469780E+02
1.08347020E+03 1.63589498E-02 +4.17800360E+02
1.08354090E+03 1.41765719E-02 +4.15112920E+02
1.08361160E+03 1.10663160E-02 +4.12410420E+02
1.08368230E+03 7.21962658E-03 +4.09688490E+02
1.08375300E+03 3.02830391E-03 +4.06914180E+02
1.08382370E+03 1.09642679E-03 +4.07956470E+02
1.08389440E+03 4.64284471E-03 +4.05058470E+02
1.08396510E+03 8.40429539E-03 +4.02443510E+02
1.08403590E+03 1.26685911E-02 +3.99792050E+02
1.08410660E+03 1.66967632E-02 +3.97082550E+02
1.08417730E+03 1.94034195E-02 +3.94353340E+02
1.08424810E+03 2.04835793E-02 +3.91643990E+02
1.08431890E+03 2.05746689E-02 +3.88963250E+02
1.08438970E+03 2.02163209E-02 +3.86276230E+02
1.08446040E+03 1.89345306E-02 +3.83539180E+02
1.08453120E+03 1.58904087E-02 +3.80742140E+02
1.08460210E+03 1.11148657E-02 +3.77901540E+02
1.08467290E+03 5.80859269E-03 +3.75009770E+02
1.08474370E+03 1.84220672E-03 +3.77862160E+02
1.08481450E+03 3.33274827E-03 +3.80031290E+02
1.08488540E+03 6.99391671E-03 +3.77203400E+02
1.08495620E+03 1.10379033E-02 +3.74475570E+02
1.08502710E+03 1.46594843E-02 +3.71758660E+02
1.08509800E+03 1.75455279E-02 +3.69064690E+02
1.08516880E+03 1.97797727E-02 +3.66381250E+02
1.08523970E+03 2.10948570E-02 +3.63691090E+02
1.08531060E+03 2.11156288E-02 +3.60999000E+02
1.08538150E+03 1.99702619E-02 +3.58313320E+02
1.08545250E+03 1.79244866E-02 +3.55620990E+02
1.08552340E+03 1.48588994E-02 +3.52901660E+02
1.08559430E+03 1.07943221E-02 +3.50150560E+02
1.08566530E+03 6.41001833E-03 +3.47326620E+02
1.08573620E+03 2.93034682E-03 +3.50242320E+02
1.08580720E+03 4.92911625E-03 +3.52508620E+02
1.08587820E+03 1.02146640E-02 +3.49458480E+02
1.08594920E+03 1.54165590E-02 +3.46583240E+02
1.08602020E+03 1.91261470E-02 +3.43764090E+02
1.08609120E+03 2.09626012E-02 +3.40999900E+02
1.08616220E+03 2.14300261E-02 +3.38287420E+02
1.08623320E+03 2.10666654E-02 +3.35605930E+02
1.08630420E+03 1.99524217E-02 +3.32935470E+02
1.08637530E+03 1.80423441E-02 +3.30269370E+02
1.08644630E+03 1.54124459E-02 +3.27603080E+02
1.08651740E+03 1.21044719E-02 +3.24928320E+02
1.08658840E+03 8.21182349E-03 +3.22244070E+02
1.08665950E+03 4.11857876E-03 +3.19536730E+02
1.08673060E+03 6.09297144E-04 +3.21853470E+02
1.08680170E+03 4.24457937E-03 +3.24037560E+02
1.08687280E+03 8.85608587E-03 +3.21290820E+02
1.08694390E+03 1.33343110E-02 +3.18556820E+02
1.08701500E+03 1.70167626E-02 +3.15836080E+02
1.08708620E+03 1.98395988E-02 +3.13137650E+02
1.08715730E+03 2.19755719E-02 +3.10448390E+02
1.08722850E+03 2.33089234E-02 +3.07753320E+02
1.08729960E+03 2.36207830E-02 +3.05045650E+02
1.08737080E+03 2.27141421E-02 +3.02313820E+02
1.08744200E+03 2.01944730E-02 +2.99540480E+02
1.08751320E+03 1.57992677E-02 +2.96710640E+02
1.08758430E+03 1.00936604E-02 +2.93776180E+02
1.08765560E+03 5.01237977E-03 +2.96688780E+02
1.08772680E+03 6.05819610E-03 +2.98996270E+02
1.08779800E+03 1.09539988E-02 +2.95874490E+02
1.08786920E+03 1.54999371E-02 +2.93033450E+02
1.08794050E+03 1.89278855E-02 +2.90275110E+02
1.08801170E+03 2.10914732E-02 +2.87555110E+02
1.08808300E+03 2.18797109E-02 +2.84859450E+02
1.08815430E+03 2.13310272E-02 +2.82195860E+02
1.08822550E+03 2.00563868E-02 +2.79576460E+02
1.08829680E+03 1.88145994E-02 +2.76980080E+02
1.08836810E+03 1.74103791E-02 +2.74355430E+02
1.08843940E+03 1.48652534E-02 +2.71682240E+02
1.08851080E+03 1.07595353E-02 +2.68991230E+02
1.08858210E+03 5.77273272E-03 +2.66355060E+02
1.08865340E+03 1.11919985E-03 +2.64263460E+02
1.08872480E+03 3.65168906E-03 +2.63984210E+02
1.08879610E+03 8.50219001E-03 +2.61497840E+02
1.08886750E+03 1.40647030E-02 +2.58864870E+02
1.08893890E+03 1.94926219E-02 +2.56160830E+02
1.08901030E+03 2.37691573E-02 +2.53429680E+02
1.08908170E+03 2.63054392E-02 +2.50696050E+02
1.08915310E+03 2.69637970E-02 +2.47972670E+02
1.08922450E+03 2.59818273E-02 +2.45264570E+02
1.08929590E+03 2.37153982E-02 +2.42563240E+02
1.08936730E+03 2.01357029E-02 +2.39846190E+02
1.08943880E+03 1.48575203E-02 +2.37094020E+02
1.08951020E+03 7.96277703E-03 +2.34294100E+02
1.08958170E+03 7.63667447E-04 +2.36960230E+02
1.08965310E+03 6.15215458E-03 +2.38406780E+02
1.08972460E+03 1.09999345E-02 +2.35704950E+02
1.08979610E+03 1.46840761E-02 +2.33103940E+02
1.08986760E+03 1.81961117E-02 +2.30523950E+02
1.08993910E+03 2.13439968E-02 +2.27911890E+02
1.09001060E+03 2.32494368E-02 +2.25282190E+02
1.09008220E+03 2.39533315E-02 +2.22666220E+02
1.09015370E+03 2.40892040E-02 +2.20054540E+02
1.09022520E+03 2.33403250E-02 +2.17416090E+02
1.09029680E+03 2.08491767E-02 +2.14757590E+02
1.09036830E+03 1.67337680E-02 +2.12117330E+02
1.09043990E+03 1.18340792E-02 +2.09522070E+02
1.09051150E+03 6.44946230E-03 +2.07011890E+02
1.09058310E+03 1.89290113E-03 +2.05671870E+02
1.09065470E+03 6.95783846E-03 +2.04211430E+02
1.09072630E+03 1.27368391E-02 +2.01655430E+02
1.09079790E+03 1.74601962E-02 +1.99043180E+02
1.09086950E+03 2.13303251E-02 +1.96429490E+02
1.09094120E+03 2.44965034E-02 +1.93799980E+02
1.09101280E+03 2.64501930E-02 +1.91142840E+02
1.09108450E+03 2.64962448E-02 +1.88466830E+02
1.09115620E+03 2.44724586E-02 +1.85790530E+02
1.09122780E+03 2.08131845E-02 +1.83126950E+02
1.09129950E+03 1.60148899E-02 +1.80478630E+02
1.09137120E+03 1.03494782E-02 +1.77857060E+02
1.09144290E+03 4.20747549E-03 +1.75392750E+02
1.09151460E+03 2.85694778E-03 +1.75008930E+02
1.09158640E+03 8.89315911E-03 +1.72703650E+02
1.09165810E+03 1.47453159E-02 +1.70091410E+02
1.09172980E+03 1.95785441E-02 +1.67423070E+02
1.09180160E+03 2.24339816E-02 +1.64742280E+02
1.09187330E+03 2.29792293E-02 +1.62092350E+02
1.09194510E+03 2.22303214E-02 +1.59503840E+02
1.09201690E+03 2.15220343E-02 +1.56948740E+02
1.09208870E+03 2.05424716E-02 +1.54369200E+02
1.09216050E+03 1.82324384E-02 +1.51773310E+02
1.09223230E+03 1.49098820E-02 +1.49213150E+02
1.09230410E+03 1.14961367E-02 +1.46688120E+02
1.09237590E+03 7.51429285E-03 +1.44152410E+02
1.09244780E+03 2.28392756E-03 +1.41939070E+02
1.09251960E+03 5.05517517E-03 +1.41456940E+02
1.09259150E+03 1.16486347E-02 +1.38906210E+02
1.09266330E+03 1.76253516E-02 +1.36252240E+02
1.09273520E+03 2.27038743E-02 +1.33577960E+02
1.09280710E+03 2.65602801E-02 +1.30881940E+02
1.09287900E+03 2.85965237E-02 +1.28160000E+02
1.09295090E+03 2.82384966E-02 +1.25411260E+02
1.09302280E+03 2.51932739E-02 +1.22630580E+02
1.09309470E+03 1.94761595E-02 +1.19799260E+02
1.09316660E+03 1.16493523E-02 +1.16850660E+02
1.09323860E+03 4.36883772E-03 +1.19501410E+02
1.09331050E+03 7.92902403E-03 +1.21541100E+02
1.09338250E+03 1.37629361E-02 +1.18530240E+02
1.09345450E+03 1.72819064E-02 +1.15733150E+02
1.09352640E+03 1.83960265E-02 +1.13016120E+02
1.09359840E+03 1.71186629E-02 +1.10361800E+02
1.09367040E+03 1.39313215E-02 +1.07848810E+02
1.09374240E+03 1.20680636E-02 +1.05631570E+02
1.09381440E+03 1.52672168E-02 +1.03385610E+02
1.09388650E+03 1.98725937E-02 +1.00821740E+02
1.09395850E+03 2.20823377E-02 +9.81161140E+01
1.09403050E+03 2.13751285E-02 +9.53619710E+01
1.09410260E+03 1.84188355E-02 +9.25325950E+01
1.09417470E+03 1.35680094E-02 +8.94790080E+01
1.09424670E+03 1.01573939E-02 +9.21231890E+01
1.09431880E+03 1.55663062E-02 +9.47099730E+01
1.09439090E+03 2.37406836E-02 +9.78290130E+01
1.09446300E+03 2.89337932E-02 +9.48816860E+01
1.09453510E+03 3.05749966E-02 +9.20530000E+01
1.09460720E+03 3.01860908E-02 +8.92807700E+01
1.09467940E+03 2.78140430E-02 +8.64821400E+01
1.09475150E+03 2.17838413E-02 +8.36116750E+01
1.09482370E+03 1.20250983E-02 +8.06619180E+01
1.09489580E+03 1.78009528E-03 +8.33870020E+01
1.09496800E+03 6.55711865E-03 +8.46131710E+01
1.09504020E+03 9.85548812E-03 +8.18328970E+01
1.09511230E+03 1.07791725E-02 +7.92746200E+01
1.09518450E+03 1.08715165E-02 +7.67654100E+01
1.09525670E+03 8.89481804E-03 +7.43737820E+01
1.09532900E+03 9.17980207E-03 +7.25038360E+01
1.09540120E+03 1.69746149E-02 +7.01870500E+01
1.09547340E+03 2.43944496E-02 +6.74636900E+01
1.09554570E+03 2.70275365E-02 +6.46786430E+01
1.09561790E+03 2.54821957E-02 +6.19376510E+01
1.09569020E+03 2.24451647E-02 +5.92187380E+01
1.09576240E+03 1.80433060E-02 +5.63835920E+01
1.09583470E+03 1.11622274E-02 +5.94944870E+01
1.09590700E+03 8.37210362E-03 +6.17234630E+01
1.09597930E+03 1.47645159E-02 +6.44619690E+01
1.09605160E+03 1.92320230E-02 +6.15071090E+01
1.09612400E+03 2.08987174E-02 +5.88112650E+01
1.09619630E+03 2.27946263E-02 +5.62098080E+01
1.09626860E+03 2.36546801E-02 +5.35519930E+01
1.09634100E+03 2.07301199E-02 +5.09125630E+01
1.09641330E+03 1.68591272E-02 +4.84826520E+01
1.09648570E+03 1.72595750E-02 +4.61119310E+01
1.09655810E+03 1.76612089E-02 +4.34611200E+01
1.09663050E+03 1.30303166E-02 +4.06468320E+01
1.09670290E+03 4.80082160E-03 +3.78134010E+01
1.09677530E+03 2.78590337E-03 +3.82867310E+01
1.09684770E+03 8.27617430E-03 +3.57553540E+01
1.09692010E+03 1.46340145E-02 +3.32499320E+01
1.09699250E+03 2.17598102E-02 +3.05720010E+01
1.09706500E+03 2.56606576E-02 +2.78074840E+01
1.09713740E+03 2.45304725E-02 +2.50795190E+01
1.09720990E+03 2.08749422E-02 +2.24740210E+01
1.09728240E+03 1.78862243E-02 +1.99423020E+01
1.09735490E+03 1.44561001E-02 +1.73566370E+01
1.09742730E+03 9.08923176E-03 +1.47957050E+01
1.09749980E+03 4.18702890E-03 +1.25934850E+01
1.09757240E+03 1.78603936E-03 +1.13668050E+01
1.09764490E+03 6.55283046E-03 +1.01873930E+01
1.09771740E+03 1.56437339E-02 +7.57898630E+00
1.09779000E+03 2.33918063E-02 +4.80706270E+00
1.09786250E+03 2.69380976E-02 +2.05590010E+00
1.09793510E+03 2.72958411E-02 -6.33406140E-01
1.09800760E+03 2.59355299E-02 -3.32745240E+00
1.09808020E+03 2.12000953E-02 -6.09739340E+00
1.09815280E+03 1.20835731E-02 -8.90249370E+00
1.09822540E+03 2.24739256E-03 -1.11619840E+01
1.09829800E+03 4.90663276E-03 -1.18311110E+01
1.09837060E+03 5.86738792E-03 -1.41137160E+01
1.09844320E+03 8.55726089E-03 -1.61073010E+01
1.09851590E+03 1.31374914E-02 -1.86053160E+01
1.09858850E+03 1.41008213E-02 -2.11730570E+01
1.09866120E+03 1.45168313E-02 -2.34870240E+01
1.09873380E+03 1.94953361E-02 -2.59155180E+01
1.09880650E+03 2.32891992E-02 -2.86483580E+01
1.09887920E+03 2.14082155E-02 -3.14773210E+01
1.09895190E+03 1.59117812E-02 -3.42852780E+01
1.09902460E+03 1.10339680E-02 -3.71751170E+01
1.09909730E+03 9.23455819E-03 -3.43140650E+01
1.09917000E+03 1.42204058E-02 -3.16095220E+01
1.09924280E+03 2.12911327E-02 -2.85121140E+01
1.09931550E+03 2.44173664E-02 -3.14905480E+01
1.09938830E+03 2.32207455E-02 -3.43097510E+01
1.09946100E+03 2.07185079E-02 -3.70315450E+01
1.09953380E+03 1.70804918E-02 -3.98101480E+01
1.09960660E+03 1.03020857E-02 -4.27051370E+01
1.09967940E+03 1.97941560E-03 -4.56564950E+01
1.09975220E+03 3.41840709E-03 -4.54941170E+01
1.09982500E+03 3.44861595E-03 -4.81934900E+01
1.09989780E+03 3.01702164E-03 -4.97541800E+01
1.09997060E+03 5.16665191E-03 -5.20608970E+01
1.10004350E+03 5.06587120E-03 -5.41709380E+01
1.10011630E+03 1.08137297E-02 -5.62684980E+01
1.10018920E+03 1.86438778E-02 -5.90991200E+01
1.10026200E+03 2.09827150E-02 -6.20822340E+01
1.10033490E+03 1.64906167E-02 -6.50156870E+01
1.10040780E+03 1.05509492E-02 -6.76911960E+01
1.10048070E+03 9.21415482E-03 -7.03683160E+01
1.10055360E+03 1.01096113E-02 -6.74789860E+01
1.10062650E+03 1.44755041E-02 -6.48266160E+01
1.10069940E+03 1.89431370E-02 -6.18643000E+01
1.10077240E+03 1.80733492E-02 -6.48914620E+01
1.10084530E+03 1.47551394E-02 -6.75119060E+01
1.10091830E+03 1.64465455E-02 -7.00241150E+01
1.10099120E+03 1.71794214E-02 -7.29242080E+01
1.10106420E+03 1.10231797E-02 -6.97853830E+01
1.10113720E+03 1.50610139E-03 -6.74354580E+01
1.10121020E+03 5.92594727E-03 -6.66419660E+01
1.10128320E+03 6.49247133E-03 -6.40780270E+01
1.10135620E+03 7.25488918E-03 -6.20298990E+01
1.10142920E+03 1.05179190E-02 -5.93770450E+01
1.10150230E+03 9.17190346E-03 -6.23803640E+01
1.10157530E+03 9.09969104E-03 -6.45218710E+01
1.10164830E+03 1.67169369E-02 -6.71776290E+01
1.10172140E+03 2.04243705E-02 -7.02631850E+01
1.10179450E+03 1.64212652E-02 -6.71590480E+01
1.10186760E+03 8.43379748E-03 -7.02792330E+01
1.10194060E+03 4.13770891E-03 -7.28196410E+01
1.10201370E+03 7.23813781E-03 -7.58300450E+01
1.10208690E+03 1.28800598E-02 -7.30169650E+01
1.10216000E+03 1.62271954E-02 -7.00964410E+01
1.10223310E+03 1.27337685E-02 -6.70365820E+01
1.10230620E+03 4.39216257E-03 -6.95656210E+01
1.10237940E+03 9.09188473E-03 -7.12031020E+01
1.10245250E+03 1.30112440E-02 -6.80708280E+01
1.10252570E+03 9.16158267E-03 -6.51909640E+01
1.10259890E+03 2.61312422E-03 -6.33419710E+01
1.10267210E+03 6.18982633E-03 -6.19996630E+01
1.10274530E+03 8.44328603E-03 -5.96369270E+01
1.10281850E+03 1.07153880E-02 -5.72789240E+01
1.10289170E+03 1.21471602E-02 -5.45523110E+01
1.10296490E+03 8.85255635E-03 -5.75661080E+01
1.10303820E+03 9.96007184E-03 -5.96367830E+01
1.10311140E+03 1.95464887E-02 -6.24939110E+01
1.10318470E+03 2.46981143E-02 -5.94382960E+01
1.10325790E+03 2.20515405E-02 -5.64799700E+01
1.10333120E+03 1.45327413E-02 -5.35153390E+01
1.10340450E+03 7.98160291E-03 -5.64237260E+01
1.10347780E+03 1.10944738E-02 -5.89259760E+01
1.10355110E+03 1.90845692E-02 -5.58021320E+01
1.10362440E+03 2.32074844E-02 -5.28263800E+01
1.10369770E+03 1.95532895E-02 -4.98383390E+01
1.10377100E+03 9.68735072E-03 -4.67007560E+01
1.10384440E+03 4.28528435E-03 -4.83724880E+01
1.10391770E+03 9.19945678E-03 -5.11824510E+01
1.10399110E+03 9.39169202E-03 -4.84776640E+01
1.10406450E+03 7.74046400E-03 -4.61561890E+01
1.10413780E+03 6.49506174E-03 -4.39535660E+01
1.10421120E+03 5.01965457E-03 -4.21251870E+01
1.10428460E+03 8.82967112E-03 -4.01956050E+01
1.10435810E+03 1.24334673E-02 -3.74923720E+01
1.10443150E+03 1.03467449E-02 -3.44405480E+01
1.10450490E+03 6.12651614E-03 -3.68028520E+01
1.10457830E+03 1.21177671E-02 -3.91708810E+01
1.10465180E+03 1.79583724E-02 -3.60841470E+01
1.10472530E+03 1.84648054E-02 -3.31866670E+01
1.10479870E+03 1.47967061E-02 -3.03412300E+01
1.10487220E+03 9.36037205E-03 -2.73077900E+01
1.10494570E+03 7.29087546E-03 -2.97380320E+01
1.10501920E+03 1.38315928E-02 -3.24896160E+01
1.10509270E+03 1.94059362E-02 -2.94259230E+01
1.10516620E+03 1.87051030E-02 -2.64507810E+01
1.10523970E+03 1.15990185E-02 -2.34814500E+01
1.10531330E+03 2.23686622E-03 -2.63622190E+01
1.10538680E+03 5.87244796E-03 -2.75509960E+01
1.10546040E+03 8.78728564E-03 -2.47494400E+01
1.10553400E+03 7.93871318E-03 -2.21299110E+01
1.10560750E+03 4.31158973E-03 -1.96379940E+01
1.10568110E+03 2.99576733E-03 -1.93501370E+01
1.10575470E+03 1.15869957E-02 -1.68591460E+01
1.10582830E+03 1.83608066E-02 -1.40102770E+01
1.10590190E+03 1.91691283E-02 -1.10463820E+01
1.10597560E+03 1.36552744E-02 -1.41617490E+01
1.10604920E+03 9.16551853E-03 -1.66053890E+01
1.10612280E+03 1.46516108E-02 -1.92281340E+01
1.10619650E+03 2.00403104E-02 -1.61938100E+01
1.10627020E+03 2.11598443E-02 -1.33196060E+01
1.10634380E+03 1.79024501E-02 -1.04211030E+01
1.10641750E+03 1.14134302E-02 -1.35231400E+01
1.10649120E+03 9.55367573E-03 -1.58271670E+01
1.10656490E+03 1.65992313E-02 -1.86107050E+01
1.10663860E+03 2.05996211E-02 -1.55348650E+01
1.10671240E+03 1.74783186E-02 -1.25307570E+01
1.10678610E+03 8.94551189E-03 -9.40142070E+00
1.10685980E+03 4.59374422E-03 -1.11353290E+01
1.10693360E+03 1.11565806E-02 -1.39343140E+01
1.10700740E+03 1.43433936E-02 -1.10038490E+01
1.10708110E+03 1.25961701E-02 -8.05709490E+00
1.10715490E+03 7.34491321E-03 -1.09571670E+01
1.10722870E+03 9.76725765E-03 -1.30183460E+01
1.10730250E+03 1.89991579E-02 -1.60121540E+01
1.10737630E+03 2.44492290E-02 -1.29547320E+01
1.10745010E+03 2.31316686E-02 -9.86667280E+00
1.10752400E+03 1.75853086E-02 -1.28414100E+01
1.10759780E+03 1.64329666E-02 -1.54845830E+01
1.10767170E+03 2.19826673E-02 -1.83975340E+01
1.10774550E+03 2.61168687E-02 -1.53429390E+01
1.10781940E+03 2.47532624E-02 -1.23779000E+01
1.10789330E+03 1.75353090E-02 -9.34287420E+00
1.10796720E+03 8.50361670E-03 -1.20544410E+01
1.10804110E+03 1.14915008E-02 -1.41445090E+01
1.10811500E+03 1.72696778E-02 -1.71856320E+01
1.10818890E+03 1.57002248E-02 -1.41080340E+01
1.10826280E+03 7.52549792E-03 -1.69812110E+01
1.10833680E+03 1.01287057E-02 -1.86222620E+01
1.10841070E+03 2.14708854E-02 -2.16986620E+01
1.10848470E+03 2.80647232E-02 -1.87324850E+01
1.10855870E+03 2.76525066E-02 -1.57585420E+01
1.10863260E+03 2.15962726E-02 -1.26210400E+01
1.10870660E+03 1.69007858E-02 -1.53387900E+01
1.10878060E+03 2.20300152E-02 -1.80280770E+01
1.10885460E+03 2.86774399E-02 -2.11224510E+01
1.10892870E+03 2.86337905E-02 -1.80900670E+01
1.10900270E+03 2.06162366E-02 -1.50716590E+01
1.10907670E+03 8.47787798E-03 -1.80743170E+01
1.10915080E+03 7.42676875E-03 -1.96303830E+01
1.10922480E+03 1.41363312E-02 -2.26622690E+01
1.10929890E+03 1.45481336E-02 -1.96957900E+01
1.10937300E+03 8.66873336E-03 -1.66057110E+01
1.10944710E+03 5.67092109E-03 -1.83270820E+01
1.10952120E+03 1.63304614E-02 -2.11513330E+01
1.10959530E+03 2.49364003E-02 -1.81812690E+01
1.10966940E+03 2.66587021E-02 -1.52357310E+01
1.10974350E+03 2.04963804E-02 -1.22020350E+01
1.10981770E+03 1.10188988E-02 -1.50023340E+01
1.10989180E+03 1.31833281E-02 -1.71920300E+01
1.10996600E+03 2.07541832E-02 -2.02507570E+01
1.11004010E+03 2.21432193E-02 -1.73096140E+01
1.11011430E+03 1.60940930E-02 -1.44463310E+01
1.11018850E+03 4.97047503E-03 -1.15602320E+01
1.11026270E+03 7.36960738E-03 -1.20635090E+01
1.11033690E+03 1.65697390E-02 -9.21629250E+00
1.11041110E+03 1.92507844E-02 -6.37611500E+00
1.11048530E+03 1.41743921E-02 -3.46899770E+00
1.11055960E+03 4.41106053E-03 -6.18267680E+00
1.11063380E+03 1.12156163E-02 -7.84890990E+00
1.11070810E+03 2.02173287E-02 -4.87527080E+00
1.11078240E+03 2.23340343E-02 -2.03756410E+00
1.11085660E+03 1.70574289E-02 +7.53174350E-01
