  wavelength    amplitude        phase
1.11085660E+03 7.23978950E-03 +1.19576120E+00
1.11078240E+03 1.21442480E-02 +4.26095310E+00
1.11070810E+03 1.63787124E-02 +7.34928750E+00
1.11063380E+03 1.96974600E-02 +1.04488930E+01
1.11055960E+03 2.17757312E-02 +1.35615070E+01
1.11048530E+03 2.22574846E-02 +1.66853940E+01
1.11041110E+03 2.10123211E-02 +1.98163430E+01
1.11033690E+03 1.81700735E-02 +2.29550200E+01
1.11026270E+03 1.39574199E-02 +1.98251350E+01
1.11018850E+03 8.73219634E-03 +1.67275570E+01
1.11011430E+03 3.13333230E-03 +1.38432370E+01
1.11004010E+03 3.37490400E-03 +1.29664090E+01
1.10996600E+03 9.24568575E-03 +1.00524130E+01
1.10989180E+03 1.51203082E-02 +6.96395230E+00
1.10981770E+03 2.00478211E-02 +3.86922680E+00
1.10974350E+03 2.29916800E-02 +7.71233750E-01
1.10966940E+03 2.35054083E-02 -2.34742330E+00
1.10959530E+03 2.20584562E-02 +7.81102810E-01
1.10952120E+03 1.96063026E-02 +3.87910120E+00
1.10944710E+03 1.66066821E-02 +6.98746360E+00
1.10937300E+03 1.26224657E-02 +3.88334430E+00
1.10929890E+03 7.36626873E-03 +9.52549700E-01
1.10922480E+03 3.23323522E-03 -1.04830500E+00
1.10915080E+03 7.28060966E-03 -3.05660660E+00
1.10907670E+03 1.27219319E-02 -6.00694470E+00
1.10900270E+03 1.75062543E-02 -9.10502420E+00
1.10892870E+03 2.13006674E-02 -1.22361760E+01
1.10885460E+03 2.36340299E-02 -1.53775790E+01
1.10878060E+03 2.43432794E-02 -1.22463240E+01
1.10870660E+03 2.36013472E-02 -9.11564190E+00
1.10863260E+03 2.12733860E-02 -1.22460100E+01
1.10855870E+03 1.70001065E-02 -1.53400000E+01
1.10848470E+03 1.10693189E-02 -1.83852750E+01
1.10841070E+03 4.69578375E-03 -2.12211580E+01
1.10833680E+03 3.34338541E-03 -2.25112560E+01
1.10826280E+03 8.61429684E-03 -2.51949330E+01
1.10818890E+03 1.33586983E-02 -2.82678330E+01
1.10811500E+03 1.67884553E-02 -2.51286700E+01
1.10804110E+03 1.90052245E-02 -2.20314810E+01
1.10796720E+03 2.05092852E-02 -1.89484860E+01
1.10789330E+03 2.12238041E-02 -1.58424320E+01
1.10781940E+03 2.04159433E-02 -1.27009800E+01
1.10774550E+03 1.76310584E-02 -1.58200020E+01
1.10767170E+03 1.31323338E-02 -1.89271050E+01
1.10759780E+03 7.54965860E-03 -2.20000290E+01
1.10752400E+03 1.75116781E-03 -2.46051390E+01
1.10745010E+03 4.73778545E-03 -2.55366850E+01
1.10737630E+03 9.91661893E-03 -2.85913810E+01
1.10730250E+03 1.43195995E-02 -2.54804860E+01
1.10722870E+03 1.81374621E-02 -2.23924620E+01
1.10715490E+03 2.11666714E-02 -1.92879060E+01
1.10708110E+03 2.27198999E-02 -1.61617820E+01
1.10700740E+03 2.24229305E-02 -1.30285370E+01
1.10693360E+03 2.04815124E-02 -9.89492660E+00
1.10685980E+03 1.71485314E-02 -1.30330760E+01
1.10678610E+03 1.24658678E-02 -1.61398840E+01
1.10671240E+03 6.68809412E-03 -1.91642130E+01
1.10663860E+03 1.54705734E-03 -2.10317930E+01
1.10656490E+03 6.31839798E-03 -2.27913550E+01
1.10649120E+03 1.18049871E-02 -2.58416100E+01
1.10641750E+03 1.64500708E-02 -2.89786120E+01
1.10634380E+03 1.99927462E-02 -2.58505420E+01
1.10627020E+03 2.20124878E-02 -2.27205820E+01
1.10619650E+03 2.19672996E-02 -1.95882250E+01
1.10612280E+03 1.97090375E-02 -1.64707910E+01
1.10604920E+03 1.58695608E-02 -1.33937900E+01
1.10597560E+03 1.14107993E-02 -1.03718750E+01
1.10590190E+03 6.72350608E-03 -7.41444510E+00
1.10582830E+03 1.92035583E-03 -4.96241740E+00
1.10575470E+03 4.69632399E-03 -3.86941350E+00
1.10568110E+03 1.01916176E-02 -9.20108830E-01
1.10560750E+03 1.47854188E-02 +2.14733330E+00
1.10553400E+03 1.79856693E-02 +5.22045240E+00
1.10546040E+03 1.99187229E-02 +8.28253840E+00
1.10538680E+03 2.07973147E-02 +1.13478670E+01
1.10531330E+03 2.03565120E-02 +1.44338020E+01
1.10523970E+03 1.81777768E-02 +1.75349340E+01
1.10516620E+03 1.44138603E-02 +2.06271150E+01
1.10509270E+03 9.70022232E-03 +2.36880080E+01
1.10501920E+03 4.45828106E-03 +2.66690290E+01
1.10494570E+03 1.63480993E-03 +2.73792790E+01
1.10487220E+03 7.31029596E-03 +3.00542930E+01
1.10479870E+03 1.26406274E-02 +3.31116740E+01
1.10472530E+03 1.71286920E-02 +3.61887920E+01
1.10465180E+03 2.06574134E-02 +3.92754490E+01
1.10457830E+03 2.27950453E-02 +4.23798600E+01
1.10450490E+03 2.29262572E-02 +4.54949490E+01
1.10443150E+03 2.09542838E-02 +4.86022670E+01
1.10435810E+03 1.74317980E-02 +5.16907600E+01
1.10428460E+03 1.29388176E-02 +5.47702850E+01
1.10421120E+03 7.63578005E-03 +5.78694650E+01
1.10413780E+03 1.60002662E-03 +5.48634580E+01
1.10406450E+03 4.88350110E-03 +5.45419230E+01
1.10399110E+03 1.09622160E-02 +5.14198400E+01
1.10391770E+03 1.60548812E-02 +5.45411360E+01
1.10384440E+03 1.99099493E-02 +5.76376990E+01
1.10377100E+03 2.26841447E-02 +6.07171110E+01
1.10369770E+03 2.44959090E-02 +6.37979940E+01
1.10362440E+03 2.49804486E-02 +6.68978440E+01
1.10355110E+03 2.34824739E-02 +7.00180880E+01
1.10347780E+03 1.97060960E-02 +7.31427850E+01
1.10340450E+03 1.40934116E-02 +7.62433240E+01
1.10333120E+03 7.57954491E-03 +7.92616900E+01
1.10325790E+03 1.63178114E-03 +8.13931270E+01
1.10318470E+03 6.12307039E-03 +8.27371800E+01
1.10311140E+03 1.21290280E-02 +8.56960940E+01
1.10303820E+03 1.73317316E-02 +8.87392140E+01
1.10296490E+03 2.14997158E-02 +9.18022520E+01
1.10289170E+03 2.44805774E-02 +9.48850400E+01
1.10281850E+03 2.57697427E-02 +9.79943520E+01
1.10274530E+03 2.47862573E-02 +1.01124820E+02
1.10267210E+03 2.15115741E-02 +1.04263670E+02
1.10259890E+03 1.65572730E-02 +1.01122360E+02
1.10252570E+03 1.06968079E-02 +9.80074800E+01
1.10245250E+03 4.59656056E-03 +9.51012860E+01
1.10237940E+03 3.41720046E-03 +9.38768270E+01
1.10230620E+03 9.47599056E-03 +9.11672630E+01
1.10223310E+03 1.51590976E-02 +8.80943900E+01
1.10216000E+03 1.95237261E-02 +8.49543340E+01
1.10208690E+03 2.25656208E-02 +8.80636380E+01
1.10201370E+03 2.43585461E-02 +9.11698680E+01
1.10194060E+03 2.42005797E-02 +9.42927430E+01
1.10186760E+03 2.12746229E-02 +9.74116690E+01
1.10179450E+03 1.60525649E-02 +1.00461840E+02
1.10172140E+03 1.04513707E-02 +1.03330500E+02
1.10164830E+03 6.57364534E-03 +1.05836630E+02
1.10157530E+03 6.60838899E-03 +1.07959640E+02
1.10150230E+03 1.11225654E-02 +1.10478450E+02
1.10142920E+03 1.70645428E-02 +1.13386310E+02
1.10135620E+03 2.20521040E-02 +1.16425760E+02
1.10128320E+03 2.50896417E-02 +1.19491550E+02
1.10121020E+03 2.63534967E-02 +1.22548430E+02
1.10113720E+03 2.63206765E-02 +1.25596240E+02
1.10106420E+03 2.51248303E-02 +1.28641970E+02
1.10099120E+03 2.28434783E-02 +1.31683140E+02
1.10091830E+03 1.97880070E-02 +1.34720280E+02
1.10084530E+03 1.60494561E-02 +1.37769620E+02
1.10077240E+03 1.13974791E-02 +1.40837790E+02
1.10069940E+03 6.10354282E-03 +1.43879970E+02
1.10062650E+03 1.21806827E-03 +1.46501850E+02
1.10055360E+03 3.22590917E-03 +1.47068040E+02
1.10048070E+03 7.04359660E-03 +1.49951820E+02
1.10040780E+03 1.05429099E-02 +1.52958150E+02
1.10033490E+03 1.29372540E-02 +1.55999870E+02
1.10026200E+03 1.39885700E-02 +1.59015830E+02
1.10018920E+03 1.42269343E-02 +1.61999720E+02
1.10011630E+03 1.36742444E-02 +1.64984410E+02
1.10004350E+03 1.17674857E-02 +1.67955820E+02
1.09997060E+03 8.65602178E-03 +1.70814010E+02
1.09989780E+03 5.77741724E-03 +1.73312040E+02
1.09982500E+03 6.64680028E-03 +1.75400290E+02
1.09975220E+03 1.21164879E-02 +1.77975220E+02
1.09967940E+03 1.95182919E-02 +1.80889850E+02
1.09960660E+03 2.70506004E-02 +1.83920910E+02
1.09953380E+03 3.35025939E-02 +1.86986270E+02
1.09946100E+03 3.84161763E-02 +1.90053800E+02
1.09938830E+03 4.17869238E-02 +1.93116110E+02
1.09931550E+03 4.35018942E-02 +1.96174460E+02
1.09924280E+03 4.33056751E-02 +1.99226160E+02
1.09917000E+03 4.11686920E-02 +2.02263450E+02
1.09909730E+03 3.73383583E-02 +2.05277320E+02
1.09902460E+03 3.21270587E-02 +2.08253050E+02
1.09895190E+03 2.60876981E-02 +2.11151720E+02
1.09887920E+03 2.08918965E-02 +2.13890780E+02
1.09880650E+03 2.00357009E-02 +2.16457680E+02
1.09873380E+03 2.49773381E-02 +2.19120380E+02
1.09866120E+03 3.25576673E-02 +2.21989860E+02
1.09858850E+03 3.99890422E-02 +2.24979120E+02
1.09851590E+03 4.59798184E-02 +2.28027880E+02
1.09844320E+03 4.98663564E-02 +2.31109720E+02
1.09837060E+03 5.12714814E-02 +2.34210800E+02
1.09829800E+03 5.01368677E-02 +2.37322150E+02
1.09822540E+03 4.66632982E-02 +2.40438990E+02
1.09815280E+03 4.11266556E-02 +2.43559580E+02
1.09808020E+03 3.38112807E-02 +2.46682140E+02
1.09800760E+03 2.50788339E-02 +2.49801780E+02
1.09793510E+03 1.53932235E-02 +2.52902610E+02
1.09786250E+03 5.36269606E-03 +2.55845720E+02
1.09779000E+03 5.29784815E-03 +2.56511110E+02
1.09771740E+03 1.43309602E-02 +2.59483220E+02
1.09764490E+03 2.16735392E-02 +2.56342630E+02
1.09757240E+03 2.66593730E-02 +2.53224870E+02
1.09749980E+03 2.93760680E-02 +2.50113670E+02
1.09742730E+03 3.02188536E-02 +2.47016220E+02
1.09735490E+03 2.94337786E-02 +2.43946030E+02
1.09728240E+03 2.72102576E-02 +2.40912870E+02
1.09720990E+03 2.39810473E-02 +2.37925780E+02
1.09713740E+03 2.04336340E-02 +2.35000470E+02
1.09706500E+03 1.73970259E-02 +2.32154350E+02
1.09699250E+03 1.57069577E-02 +2.29377110E+02
1.09692010E+03 1.57461926E-02 +2.26603120E+02
1.09684770E+03 1.70575763E-02 +2.23765240E+02
1.09677530E+03 1.87233838E-02 +2.20856230E+02
1.09670290E+03 1.99021130E-02 +2.17900510E+02
1.09663050E+03 2.00931570E-02 +2.14922330E+02
1.09655810E+03 1.91608549E-02 +2.11944190E+02
1.09648570E+03 1.71953438E-02 +2.08992160E+02
1.09641330E+03 1.44905866E-02 +2.06099630E+02
1.09634100E+03 1.17311005E-02 +2.03312410E+02
1.09626860E+03 1.00956030E-02 +2.00659970E+02
1.09619630E+03 1.05900845E-02 +1.98035470E+02
1.09612400E+03 1.29289694E-02 +1.95281250E+02
1.09605160E+03 1.61615095E-02 +1.92405630E+02
1.09597930E+03 1.93567092E-02 +1.89471530E+02
1.09590700E+03 2.15982844E-02 +1.86508190E+02
1.09583470E+03 2.23406844E-02 +1.83515740E+02
1.09576240E+03 2.17556616E-02 +1.80488530E+02
1.09569020E+03 2.04121256E-02 +1.77435230E+02
1.09561790E+03 1.85647839E-02 +1.74378870E+02
1.09554570E+03 1.60742994E-02 +1.71333460E+02
1.09547340E+03 1.29705655E-02 +1.68296340E+02
1.09540120E+03 9.59119763E-03 +1.65275650E+02
1.09532900E+03 6.16032913E-03 +1.62337690E+02
1.09525670E+03 2.94651783E-03 +1.59795320E+02
1.09518450E+03 3.11984671E-03 +1.58246150E+02
1.09511230E+03 6.37919493E-03 +1.55704710E+02
1.09504020E+03 9.35998098E-03 +1.52822990E+02
1.09496800E+03 1.15181995E-02 +1.49842180E+02
1.09489580E+03 1.28754064E-02 +1.46803740E+02
1.09482370E+03 1.36320252E-02 +1.43724720E+02
1.09475150E+03 1.40552883E-02 +1.40620820E+02
1.09467940E+03 1.43556212E-02 +1.37517250E+02
1.09460720E+03 1.44214444E-02 +1.34445010E+02
1.09453510E+03 1.37451973E-02 +1.31417610E+02
1.09446300E+03 1.17859764E-02 +1.28414230E+02
1.09439090E+03 8.49174252E-03 +1.25364400E+02
1.09431880E+03 4.82121468E-03 +1.28322960E+02
1.09424670E+03 3.82096467E-03 +1.30611990E+02
1.09417470E+03 5.81860353E-03 +1.33299510E+02
1.09410260E+03 7.62343282E-03 +1.36279280E+02
1.09403050E+03 9.39418320E-03 +1.39282410E+02
1.09395850E+03 1.16220437E-02 +1.42353300E+02
1.09388650E+03 1.35531531E-02 +1.39232080E+02
1.09381440E+03 1.43490306E-02 +1.36147450E+02
1.09374240E+03 1.41346376E-02 +1.33048790E+02
1.09367040E+03 1.35792430E-02 +1.29935410E+02
1.09359840E+03 1.28395709E-02 +1.26845630E+02
1.09352640E+03 1.15061683E-02 +1.23791500E+02
1.09345450E+03 9.47312351E-03 +1.20736330E+02
1.09338250E+03 7.21665310E-03 +1.17630760E+02
1.09331050E+03 5.20632154E-03 +1.20755620E+02
1.09323860E+03 3.23351682E-03 +1.17616500E+02
1.09316660E+03 7.03656983E-04 +1.14624720E+02
1.09309470E+03 2.59582677E-03 +1.14598150E+02
1.09302280E+03 6.28605274E-03 +1.11627050E+02
1.09295090E+03 9.70721840E-03 +1.08649820E+02
1.09287900E+03 1.22529180E-02 +1.05651870E+02
1.09280710E+03 1.38056126E-02 +1.02610720E+02
1.09273520E+03 1.48975686E-02 +9.95236680E+01
1.09266330E+03 1.60907365E-02 +9.64281850E+01
1.09259150E+03 1.71300619E-02 +9.33649710E+01
1.09251960E+03 1.72457789E-02 +9.03304500E+01
1.09244780E+03 1.60978266E-02 +8.72936870E+01
1.09237590E+03 1.40198056E-02 +8.42328640E+01
1.09230410E+03 1.14808127E-02 +8.11530360E+01
1.09223230E+03 8.65126210E-03 +7.80747130E+01
1.09216050E+03 5.59163241E-03 +7.50180910E+01
1.09208870E+03 2.44061918E-03 +7.20799820E+01
1.09201690E+03 1.24631284E-03 +7.12332860E+01
1.09194510E+03 4.65496455E-03 +6.86135560E+01
1.09187330E+03 8.19408091E-03 +6.56254220E+01
1.09180160E+03 1.13586232E-02 +6.25837070E+01
1.09172980E+03 1.40279909E-02 +5.95030220E+01
1.09165810E+03 1.63500670E-02 +5.64053200E+01
1.09158640E+03 1.82229366E-02 +5.33200280E+01
1.09151460E+03 1.91825387E-02 +5.02560640E+01
1.09144290E+03 1.88999328E-02 +4.71992390E+01
1.09137120E+03 1.75337871E-02 +4.41273170E+01
1.09129950E+03 1.56297089E-02 +4.10235670E+01
1.09122780E+03 1.37486734E-02 +3.78907030E+01
1.09115620E+03 1.20281038E-02 +3.47572910E+01
1.09108450E+03 1.00764542E-02 +3.16514480E+01
1.09101280E+03 7.45760531E-03 +2.85636600E+01
1.09094120E+03 4.18803438E-03 +3.17017660E+01
1.09086950E+03 1.08428516E-03 +3.39903160E+01
1.09079790E+03 3.43703535E-03 +3.55474790E+01
1.09072630E+03 6.98075512E-03 +3.85987620E+01
1.09065470E+03 1.03392606E-02 +3.54740150E+01
1.09058310E+03 1.30920419E-02 +3.23721580E+01
1.09051150E+03 1.49758065E-02 +2.92605410E+01
1.09043990E+03 1.61738112E-02 +2.61248120E+01
1.09036830E+03 1.70982552E-02 +2.92590590E+01
1.09029680E+03 1.78818302E-02 +2.61215010E+01
1.09022520E+03 1.82322198E-02 +2.30077650E+01
1.09015370E+03 1.77431987E-02 +1.99083060E+01
1.09008220E+03 1.62732320E-02 +1.67996180E+01
1.09001060E+03 1.40963314E-02 +1.36581320E+01
1.08993910E+03 1.16357720E-02 +1.67579740E+01
1.08986760E+03 9.03948206E-03 +1.98121250E+01
1.08979610E+03 6.38619809E-03 +2.27572300E+01
1.08972460E+03 4.54316960E-03 +2.54116050E+01
1.08965310E+03 4.81606208E-03 +2.79137740E+01
1.08958170E+03 6.35919940E-03 +3.06804970E+01
1.08951020E+03 8.29403695E-03 +3.36203300E+01
1.08943880E+03 1.04353831E-02 +3.66671040E+01
1.08936730E+03 1.22823841E-02 +3.97808560E+01
1.08929590E+03 1.35374998E-02 +4.29034330E+01
1.08922450E+03 1.46392664E-02 +4.60111920E+01
1.08915310E+03 1.59942068E-02 +4.91432840E+01
1.08908170E+03 1.70364263E-02 +4.60526400E+01
1.08901030E+03 1.68532288E-02 +4.30027700E+01
1.08893890E+03 1.52415928E-02 +3.99459880E+01
1.08886750E+03 1.28401114E-02 +3.68422420E+01
1.08879610E+03 1.04263268E-02 +3.99712950E+01
1.08872480E+03 8.13712990E-03 +4.30866000E+01
1.08865340E+03 5.59866877E-03 +4.62050940E+01
1.08858210E+03 2.69740032E-03 +4.92153080E+01
1.08851080E+03 1.15770095E-03 +5.06266080E+01
1.08843940E+03 3.73812159E-03 +5.31045700E+01
1.08836810E+03 6.27932544E-03 +5.61804390E+01
1.08829680E+03 8.47985389E-03 +5.93196730E+01
1.08822550E+03 1.02628519E-02 +5.62037080E+01
1.08815430E+03 1.15078890E-02 +5.30978910E+01
1.08808300E+03 1.23409481E-02 +4.99833990E+01
1.08801170E+03 1.31698713E-02 +4.68689130E+01
1.08794050E+03 1.40972785E-02 +4.37947840E+01
1.08786920E+03 1.45566961E-02 +4.07823670E+01
1.08779800E+03 1.38670282E-02 +3.78082450E+01
1.08772680E+03 1.19346839E-02 +3.48223130E+01
1.08765560E+03 9.44816199E-03 +3.17646560E+01
1.08758430E+03 7.47441242E-03 +3.48904540E+01
1.08751320E+03 6.45705924E-03 +3.80168840E+01
1.08744200E+03 5.74394272E-03 +3.50215060E+01
1.08737080E+03 4.79823145E-03 +3.22811860E+01
1.08729960E+03 4.24554201E-03 +2.98730300E+01
1.08722850E+03 5.21949145E-03 +2.75226570E+01
1.08715730E+03 7.04316626E-03 +2.48878030E+01
1.08708620E+03 8.55928864E-03 +2.20355620E+01
1.08701500E+03 9.54674065E-03 +1.90363280E+01
1.08694390E+03 1.05229701E-02 +1.59462630E+01
1.08687280E+03 1.18627450E-02 +1.28516160E+01
1.08680170E+03 1.31840703E-02 +9.80630420E+00
1.08673060E+03 1.38787262E-02 +6.79903810E+00
1.08665950E+03 1.37727485E-02 +3.79364660E+00
1.08658840E+03 1.31829617E-02 +7.63757660E-01
1.08651740E+03 1.25166285E-02 -2.28704460E+00
1.08644630E+03 1.18062572E-02 -5.32843490E+00
1.08637530E+03 1.07187774E-02 -8.33485070E+00
1.08630420E+03 9.04244574E-03 -1.13003840E+01
1.08623320E+03 7.03311609E-03 -1.42196910E+01
1.08616220E+03 5.33162696E-03 -1.70564920E+01
1.08609120E+03 4.64896010E-03 -1.97602030E+01
1.08602020E+03 5.32494000E-03 -2.24205230E+01
1.08594920E+03 6.88122714E-03 -2.51655250E+01
1.08587820E+03 8.44151870E-03 -2.79902840E+01
1.08580720E+03 9.41023980E-03 -3.08833460E+01
1.08573620E+03 9.80752538E-03 -3.38607520E+01
1.08566530E+03 1.01909602E-02 -3.69249850E+01
1.08559430E+03 1.10770632E-02 -4.00263690E+01
1.08552340E+03 1.23732401E-02 -4.31030150E+01
1.08545250E+03 1.35651543E-02 -4.61340740E+01
1.08538150E+03 1.41378732E-02 -4.91242820E+01
1.08531060E+03 1.37641022E-02 -5.20863120E+01
1.08523970E+03 1.24948990E-02 -5.50411540E+01
1.08516880E+03 1.08655221E-02 -5.80118120E+01
1.08509800E+03 9.60169782E-03 -6.09949140E+01
1.08502710E+03 9.04533150E-03 -6.39394410E+01
1.08495620E+03 9.02404610E-03 -6.67998880E+01
1.08488540E+03 9.29973801E-03 -6.95902950E+01
1.08481450E+03 9.76158906E-03 -7.23605430E+01
1.08474370E+03 1.02741525E-02 -7.51558780E+01
1.08467290E+03 1.06307596E-02 -7.80002410E+01
1.08460210E+03 1.07008887E-02 -8.09040980E+01
1.08453120E+03 1.05771820E-02 -8.38749940E+01
1.08446040E+03 1.05509464E-02 -8.69125250E+01
1.08438970E+03 1.08977433E-02 -8.99939190E+01
1.08431890E+03 1.16274301E-02 -9.30786750E+01
1.08424810E+03 1.24328018E-02 -9.61346060E+01
1.08417730E+03 1.28700692E-02 -9.91498760E+01
1.08410660E+03 1.26066050E-02 -1.02126680E+02
1.08403590E+03 1.16234603E-02 -1.05075400E+02
1.08396510E+03 1.02959317E-02 -1.08014690E+02
1.08389440E+03 9.26807839E-03 -1.10967050E+02
1.08382370E+03 9.10147373E-03 -1.13930590E+02
1.08375300E+03 9.83164895E-03 -1.16863670E+02
1.08368230E+03 1.08779272E-02 -1.19739820E+02
1.08361160E+03 1.15177984E-02 -1.22574810E+02
1.08354090E+03 1.14106959E-02 -1.25404680E+02
1.08347020E+03 1.07809244E-02 -1.28274020E+02
1.08339960E+03 1.02807937E-02 -1.31219480E+02
1.08332890E+03 1.05755510E-02 -1.34225130E+02
1.08325830E+03 1.17009534E-02 -1.37224610E+02
1.08318770E+03 1.29560191E-02 -1.40187850E+02
1.08311700E+03 1.35589362E-02 -1.43134740E+02
1.08304640E+03 1.32185453E-02 -1.46094610E+02
1.08297580E+03 1.22445992E-02 -1.49086900E+02
1.08290520E+03 1.12277999E-02 -1.52107990E+02
1.08283460E+03 1.05361781E-02 -1.55121290E+02
1.08276410E+03 1.00978829E-02 -1.58079050E+02
1.08269350E+03 9.68508554E-03 -1.60960280E+02
1.08262290E+03 9.23544309E-03 -1.63784070E+02
1.08255240E+03 8.82254782E-03 -1.66606860E+02
1.08248180E+03 8.54180004E-03 -1.69499840E+02
1.08241130E+03 8.63373488E-03 -1.72497230E+02
1.08234080E+03 9.38900314E-03 -1.75549410E+02
1.08227030E+03 1.06126104E-02 -1.78575430E+02
1.08219980E+03 1.17027847E-02 -1.81555620E+02
1.08212930E+03 1.22885284E-02 -1.84513650E+02
1.08205880E+03 1.24557722E-02 -1.87469580E+02
1.08198830E+03 1.24823848E-02 -1.90423420E+02
1.08191780E+03 1.25018347E-02 -1.93365120E+02
1.08184740E+03 1.24455735E-02 -1.96296060E+02
1.08177690E+03 1.22102146E-02 -1.99235720E+02
1.08170650E+03 1.18218256E-02 -2.02207730E+02
1.08163610E+03 1.14838369E-02 -2.05217240E+02
1.08156560E+03 1.14009802E-02 -2.08235330E+02
1.08149520E+03 1.15067415E-02 -2.11217400E+02
1.08142480E+03 1.15271892E-02 -2.14143980E+02
1.08135440E+03 1.13080126E-02 -2.17032450E+02
1.08128410E+03 1.09575919E-02 -2.19920610E+02
1.08121370E+03 1.07635984E-02 -2.22842720E+02
1.08114330E+03 1.10154133E-02 -2.25803770E+02
1.08107300E+03 1.17572072E-02 -2.28777910E+02
1.08100260E+03 1.26703749E-02 -2.31743380E+02
1.08093230E+03 1.32778037E-02 -2.34704580E+02
1.08086190E+03 1.32759143E-02 -2.37682520E+02
1.08079160E+03 1.27675503E-02 -2.40699120E+02
1.08072130E+03 1.22469919E-02 -2.43756460E+02
1.08065100E+03 1.21785968E-02 -2.46813530E+02
1.08058070E+03 1.24915672E-02 -2.49812230E+02
1.08051040E+03 1.27415042E-02 -2.52738100E+02
1.08044020E+03 1.26206929E-02 -2.55624670E+02
1.08036990E+03 1.21348024E-02 -2.58520570E+02
1.08029960E+03 1.15562736E-02 -2.61459140E+02
1.08022940E+03 1.12385079E-02 -2.64435910E+02
1.08015920E+03 1.12793045E-02 -2.67415950E+02
1.08008890E+03 1.14618672E-02 -2.70378740E+02
1.08001870E+03 1.16029716E-02 -2.73337930E+02
1.07994850E+03 1.17685615E-02 -2.76314580E+02
1.07987830E+03 1.20640470E-02 -2.79306370E+02
1.07980810E+03 1.22604070E-02 -2.82291230E+02
1.07973790E+03 1.18423752E-02 -2.85257470E+02
1.07966770E+03 1.05462382E-02 -2.88212170E+02
1.07959760E+03 8.71268621E-03 -2.91164990E+02
1.07952740E+03 7.04423119E-03 -2.94108180E+02
1.07945730E+03 6.10692124E-03 -2.97015230E+02
1.07938710E+03 6.12384740E-03 -2.99888850E+02
1.07931700E+03 7.04257815E-03 -3.02776180E+02
1.07924690E+03 8.60901777E-03 -3.05694270E+02
1.07917680E+03 1.03680422E-02 -3.08622730E+02
1.07910670E+03 1.17205418E-02 -3.11548640E+02
1.07903660E+03 1.22346631E-02 -3.14478470E+02
1.07896650E+03 1.19784018E-02 -3.17427210E+02
1.07889640E+03 1.14916387E-02 -3.20400180E+02
1.07882640E+03 1.13469146E-02 -3.23375140E+02
1.07875630E+03 1.17270184E-02 -3.26317340E+02
1.07868630E+03 1.24937676E-02 -3.29220450E+02
1.07861620E+03 1.34905378E-02 -3.32110960E+02
1.07854620E+03 1.46266671E-02 -3.35021510E+02
1.07847620E+03 1.58155035E-02 -3.37971760E+02
1.07840620E+03 1.69717017E-02 -3.40965440E+02
1.07833620E+03 1.80690824E-02 -3.43994020E+02
1.07826620E+03 1.91065907E-02 -3.47040420E+02
1.07819620E+03 1.99941934E-02 -3.50087770E+02
1.07812620E+03 2.06205764E-02 -3.53129770E+02
1.07805630E+03 2.10649009E-02 -3.56168040E+02
1.07798630E+03 2.15459961E-02 -3.59200220E+02
1.07791630E+03 2.20860012E-02 -3.62219320E+02
1.07784640E+03 2.24195027E-02 -3.65227640E+02
1.07777650E+03 2.23735572E-02 -3.68240900E+02
1.07770660E+03 2.22224222E-02 -3.71271350E+02
1.07763670E+03 2.24528865E-02 -3.74306180E+02
1.07756680E+03 2.31136916E-02 -3.77315150E+02
1.07749690E+03 2.36905171E-02 -3.80287860E+02
1.07742700E+03 2.36813859E-02 -3.83247580E+02
1.07735710E+03 2.30892702E-02 -3.86231450E+02
1.07728720E+03 2.24361057E-02 -3.89261320E+02
1.07721740E+03 2.22115700E-02 -3.92321530E+02
1.07714750E+03 2.21765464E-02 -3.95375070E+02
1.07707770E+03 2.15494485E-02 -3.98405290E+02
1.07700790E+03 1.98487367E-02 -4.01422120E+02
1.07693800E+03 1.72377412E-02 -4.04441370E+02
1.07686820E+03 1.42145580E-02 -4.07470030E+02
1.07679840E+03 1.12200339E-02 -4.10502380E+02
1.07672860E+03 8.53325817E-03 -4.13518150E+02
1.07665890E+03 6.34877398E-03 -4.16469480E+02
1.07658910E+03 4.90508400E-03 -4.19271320E+02
1.07651930E+03 4.62316331E-03 -4.21913680E+02
1.07644960E+03 5.58973237E-03 -4.24613140E+02
1.07637980E+03 7.18170829E-03 -4.27466550E+02
1.07631010E+03 8.72273506E-03 -4.30393070E+02
1.07624040E+03 9.63281937E-03 -4.33316140E+02
1.07617060E+03 9.54232943E-03 -4.36187250E+02
1.07610090E+03 8.69807134E-03 -4.38969250E+02
1.07603120E+03 8.13126718E-03 -4.41663320E+02
1.07596150E+03 8.88498610E-03 -4.44398000E+02
1.07589180E+03 1.10977173E-02 -4.47298050E+02
1.07582220E+03 1.44710915E-02 -4.50315330E+02
1.07575250E+03 1.84050523E-02 -4.53366920E+02
1.07568280E+03 2.19736447E-02 -4.56424640E+02
1.07561320E+03 2.44955994E-02 -4.59494040E+02
1.07554360E+03 2.59428607E-02 -4.62582670E+02
1.07547390E+03 2.66979355E-02 -4.65683780E+02
1.07540430E+03 2.69404686E-02 -4.68777930E+02
1.07533470E+03 2.64341796E-02 -4.71849080E+02
1.07526510E+03 2.49765756E-02 -4.74893090E+02
1.07519550E+03 2.28488912E-02 -4.77908950E+02
1.07512590E+03 2.07339439E-02 -4.80888370E+02
1.07505630E+03 1.93313939E-02 -4.83823280E+02
1.07498680E+03 1.90814363E-02 -4.86731360E+02
1.07491720E+03 2.00233611E-02 -4.89658110E+02
1.07484770E+03 2.18397445E-02 -4.92635660E+02
1.07477810E+03 2.40148048E-02 -4.95659170E+02
1.07470860E+03 2.58431055E-02 -4.98709110E+02
1.07463910E+03 2.66168948E-02 -5.01778030E+02
1.07456960E+03 2.60813962E-02 -5.04871750E+02
1.07450010E+03 2.44903416E-02 -5.07992420E+02
1.07443060E+03 2.20090029E-02 -5.11128370E+02
1.07436110E+03 1.83495657E-02 -5.07987280E+02
1.07429160E+03 1.33436764E-02 -5.04871480E+02
1.07422210E+03 7.55374755E-03 -5.01847430E+02
1.07415270E+03 2.08633451E-03 -4.99359300E+02
1.07408320E+03 4.60298099E-03 -4.98436850E+02
1.07401380E+03 1.09451108E-02 -4.95598290E+02
1.07394430E+03 1.76058791E-02 -4.92588830E+02
1.07387490E+03 2.31183858E-02 -4.89531070E+02
1.07380550E+03 2.61322307E-02 -4.86471410E+02
1.07373610E+03 2.61432856E-02 -4.83436590E+02
1.07366670E+03 2.33527046E-02 -4.80440650E+02
1.07359730E+03 1.81374998E-02 -4.77501210E+02
1.07352790E+03 1.10297076E-02 -4.74709940E+02
1.07345860E+03 5.40924431E-03 -4.72777330E+02
1.07338920E+03 1.23819526E-02 -4.70890630E+02
1.07331990E+03 2.35555166E-02 -4.68103720E+02
1.07325050E+03 3.43782140E-02 -4.65162830E+02
1.07318120E+03 4.26859427E-02 -4.62184880E+02
1.07311190E+03 4.72538369E-02 -4.59209440E+02
1.07304250E+03 4.80201312E-02 -4.56248860E+02
1.07297320E+03 4.50569728E-02 -4.53300310E+02
1.07290390E+03 3.81679879E-02 -4.50372160E+02
1.07283470E+03 2.80513627E-02 -4.47511270E+02
1.07276540E+03 1.71217493E-02 -4.44864110E+02
1.07269610E+03 1.18869832E-02 -4.42833500E+02
1.07262680E+03 1.94101337E-02 -4.40645100E+02
1.07255760E+03 3.00943980E-02 -4.37906410E+02
1.07248830E+03 3.81257485E-02 -4.35012730E+02
1.07241910E+03 4.19625964E-02 -4.32085170E+02
1.07234990E+03 4.20392602E-02 -4.29153420E+02
1.07228070E+03 3.87882985E-02 -4.26211320E+02
1.07221150E+03 3.19503474E-02 -4.23258290E+02
1.07214230E+03 2.19758226E-02 -4.20334290E+02
1.07207310E+03 1.11161639E-02 -4.17603570E+02
1.07200390E+03 5.91457556E-03 -4.15889910E+02
1.07193470E+03 1.20992260E-02 -4.13733570E+02
1.07186560E+03 1.87489400E-02 -4.10918800E+02
1.07179640E+03 2.33347108E-02 -4.07952950E+02
1.07172730E+03 2.50624660E-02 -4.04914920E+02
1.07165810E+03 2.41928250E-02 -4.01828510E+02
1.07158900E+03 2.18950567E-02 -4.04963910E+02
1.07151990E+03 1.93370383E-02 -4.07997760E+02
1.07145080E+03 1.73455986E-02 -4.10918250E+02
1.07138170E+03 1.61588709E-02 -4.13796160E+02
1.07131260E+03 1.49981606E-02 -4.16724910E+02
1.07124350E+03 1.29092203E-02 -4.19714120E+02
1.07117440E+03 9.57453790E-03 -4.22653580E+02
1.07110530E+03 6.19733830E-03 -4.25163930E+02
1.07103630E+03 8.64935310E-03 -4.27286070E+02
1.07096720E+03 1.56020489E-02 -4.30089640E+02
1.07089820E+03 2.23533067E-02 -4.33169360E+02
1.07082920E+03 2.74108548E-02 -4.30065960E+02
1.07076010E+03 3.03380537E-02 -4.27003430E+02
1.07069110E+03 3.07018955E-02 -4.23950050E+02
1.07062210E+03 2.81506600E-02 -4.20895150E+02
1.07055310E+03 2.29655592E-02 -4.17837890E+02
1.07048420E+03 1.59519287E-02 -4.14769150E+02
1.07041520E+03 8.00838960E-03 -4.11639430E+02
1.07034620E+03 1.36430851E-03 -4.13316380E+02
1.07027730E+03 7.65358674E-03 -4.15307190E+02
1.07020830E+03 1.35518641E-02 -4.12178440E+02
1.07013940E+03 1.80155586E-02 -4.09097260E+02
1.07007040E+03 2.11166737E-02 -4.06007730E+02
1.07000150E+03 2.26903678E-02 -4.02888760E+02
1.06993260E+03 2.23791586E-02 -4.06026030E+02
1.06986370E+03 2.01421119E-02 -4.09159290E+02
1.06979480E+03 1.65354035E-02 -4.06033920E+02
1.06972590E+03 1.22600824E-02 -4.02938860E+02
1.06965700E+03 7.28640501E-03 -3.99827850E+02
1.06958820E+03 1.08119244E-03 -4.02452220E+02
1.06951930E+03 7.06137876E-03 -4.03200010E+02
1.06945040E+03 1.53733773E-02 -4.06299940E+02
1.06938160E+03 2.27373110E-02 -4.03172210E+02
1.06931280E+03 2.83155496E-02 -4.00075420E+02
1.06924390E+03 3.16861531E-02 -3.96991800E+02
1.06917510E+03 3.23772991E-02 -3.93906900E+02
1.06910630E+03 3.01459264E-02 -3.90814560E+02
1.06903750E+03 2.52954549E-02 -3.87704760E+02
1.06896870E+03 1.83788286E-02 -3.90829690E+02
1.06889990E+03 1.01920420E-02 -3.93803410E+02
1.06883120E+03 4.19534623E-03 -3.95835450E+02
1.06876240E+03 9.37144749E-03 -3.97844960E+02
1.06869370E+03 1.59828749E-02 -4.00793760E+02
1.06862490E+03 2.12600626E-02 -4.03870020E+02
1.06855620E+03 2.49083040E-02 -4.06967630E+02
1.06848740E+03 2.65748178E-02 -4.10065300E+02
1.06841870E+03 2.60654332E-02 -4.13165700E+02
1.06835000E+03 2.35770113E-02 -4.16269790E+02
1.06828130E+03 1.93810028E-02 -4.19356900E+02
1.06821260E+03 1.36020774E-02 -4.22363300E+02
1.06814390E+03 7.25044392E-03 -4.25024090E+02
1.06807530E+03 7.20670133E-03 -4.26851760E+02
1.06800660E+03 1.42080118E-02 -4.29508900E+02
1.06793790E+03 2.13847004E-02 -4.32543850E+02
1.06786930E+03 2.73274845E-02 -4.35663280E+02
1.06780060E+03 3.11776293E-02 -4.38795990E+02
1.06773200E+03 3.19783333E-02 -4.41921860E+02
1.06766340E+03 2.94015569E-02 -4.45040400E+02
1.06759480E+03 2.40932513E-02 -4.48147450E+02
1.06752620E+03 1.71222207E-02 -4.51207960E+02
1.06745760E+03 9.60981243E-03 -4.54070680E+02
1.06738900E+03 5.77850932E-03 -4.56052730E+02
1.06732040E+03 1.15996698E-02 -4.58329480E+02
1.06725180E+03 1.89578904E-02 -4.61242150E+02
1.06718330E+03 2.51178697E-02 -4.64284160E+02
1.06711470E+03 2.94067096E-02 -4.67367190E+02
1.06704620E+03 3.14614259E-02 -4.70465620E+02
1.06697770E+03 3.10265399E-02 -4.73565950E+02
1.06690910E+03 2.79786565E-02 -4.76653790E+02
1.06684060E+03 2.24314638E-02 -4.79703080E+02
1.06677210E+03 1.50582765E-02 -4.82639790E+02
1.06670360E+03 8.39835936E-03 -4.85141300E+02
1.06663510E+03 1.01585137E-02 -4.87156410E+02
1.06656660E+03 1.75947032E-02 -4.89885970E+02
1.06649820E+03 2.46646005E-02 -4.92888660E+02
1.06642970E+03 2.98590440E-02 -4.95963080E+02
1.06636120E+03 3.24987369E-02 -4.99056500E+02
1.06629280E+03 3.21575357E-02 -5.02150120E+02
1.06622440E+03 2.87557358E-02 -5.05236410E+02
1.06615590E+03 2.26960289E-02 -5.08305780E+02
1.06608750E+03 1.48309959E-02 -5.11316310E+02
1.06601910E+03 6.79150896E-03 -5.13990870E+02
1.06595070E+03 6.91443389E-03 -5.15589710E+02
1.06588230E+03 1.48340770E-02 -5.18293130E+02
1.06581390E+03 2.23201765E-02 -5.21328660E+02
1.06574550E+03 2.77811825E-02 -5.24431130E+02
1.06567720E+03 3.05014882E-02 -5.27557010E+02
1.06560880E+03 3.03005982E-02 -5.30691010E+02
1.06554050E+03 2.73626702E-02 -5.33817920E+02
1.06547210E+03 2.19811913E-02 -5.36914570E+02
1.06540380E+03 1.46405686E-02 -5.39931450E+02
1.06533550E+03 6.78618869E-03 -5.42607550E+02
1.06526720E+03 6.51568001E-03 -5.44180560E+02
1.06519890E+03 1.37926491E-02 -5.46841160E+02
1.06513060E+03 2.03938969E-02 -5.49857000E+02
1.06506230E+03 2.50535477E-02 -5.52946510E+02
1.06499400E+03 2.72933232E-02 -5.56060970E+02
1.06492570E+03 2.69041932E-02 -5.59187250E+02
1.06485750E+03 2.40244861E-02 -5.62319770E+02
1.06478920E+03 1.90532375E-02 -5.65446940E+02
1.06472100E+03 1.24609883E-02 -5.68535380E+02
1.06465270E+03 4.99682059E-03 -5.71392140E+02
1.06458450E+03 4.36340165E-03 -5.72418280E+02
1.06451630E+03 1.15688483E-02 -5.75210870E+02
1.06444810E+03 1.78957425E-02 -5.78288400E+02
1.06437990E+03 2.26573390E-02 -5.81408330E+02
1.06431170E+03 2.54405257E-02 -5.84536240E+02
1.06424350E+03 2.58564787E-02 -5.87664820E+02
1.06417530E+03 2.38147773E-02 -5.90796240E+02
1.06410710E+03 1.96381129E-02 -5.93929860E+02
1.06403900E+03 1.38206393E-02 -5.97048740E+02
1.06397080E+03 6.86964191E-03 -6.00070100E+02
1.06390270E+03 2.13157984E-03 -6.01366730E+02
1.06383460E+03 8.83368938E-03 -6.03702000E+02
1.06376650E+03 1.50961220E-02 -6.06769950E+02
1.06369830E+03 1.96209401E-02 -6.09908510E+02
1.06363020E+03 2.22354301E-02 -6.06787750E+02
1.06356210E+03 2.28929823E-02 -6.03670000E+02
1.06349410E+03 2.14841206E-02 -6.00546390E+02
1.06342600E+03 1.81245143E-02 -5.97418490E+02
1.06335790E+03 1.32595803E-02 -5.94283520E+02
1.06328980E+03 7.34930908E-03 -5.97385010E+02
1.06322180E+03 1.27598801E-03 -5.99569220E+02
1.06315370E+03 6.54038317E-03 -6.00887840E+02
1.06308570E+03 1.28134266E-02 -6.03941630E+02
1.06301770E+03 1.75237131E-02 -6.07065570E+02
1.06294970E+03 2.01460058E-02 -6.03938330E+02
1.06288170E+03 2.07230934E-02 -6.00832780E+02
1.06281370E+03 1.94802197E-02 -5.97732090E+02
1.06274570E+03 1.64675117E-02 -5.94616460E+02
1.06267770E+03 1.17400221E-02 -5.97757340E+02
1.06260970E+03 5.82604420E-03 -6.00855350E+02
1.06254170E+03 6.73447615E-04 -6.01982960E+02
1.06247380E+03 6.00464087E-03 -6.04257790E+02
1.06240580E+03 1.09908971E-02 -6.01137810E+02
1.06233790E+03 1.54538358E-02 -5.98030750E+02
1.06227000E+03 1.88792015E-02 -5.94901710E+02
1.06220200E+03 2.04417445E-02 -5.91761930E+02
1.06213410E+03 1.98342353E-02 -5.88634680E+02
1.06206620E+03 1.73943620E-02 -5.85531190E+02
1.06199830E+03 1.34791324E-02 -5.82446780E+02
1.06193040E+03 8.23106621E-03 -5.79395100E+02
1.06186260E+03 2.28622007E-03 -5.76701640E+02
1.06179470E+03 4.47780683E-03 -5.75910010E+02
1.06172680E+03 9.95568963E-03 -5.73002790E+02
1.06165900E+03 1.47407910E-02 -5.69995570E+02
1.06159110E+03 1.86597851E-02 -5.66952710E+02
1.06152330E+03 2.11301602E-02 -5.63878780E+02
1.06145550E+03 2.16140753E-02 -5.60786150E+02
1.06138770E+03 2.00238338E-02 -5.57681680E+02
1.06131990E+03 1.64800152E-02 -5.54557960E+02
1.06125210E+03 1.11201430E-02 -5.57678630E+02
1.06118430E+03 4.44611729E-03 -5.60662730E+02
1.06111650E+03 3.11357714E-03 -5.61300000E+02
1.06104870E+03 9.54615823E-03 -5.64207340E+02
1.06098090E+03 1.49649721E-02 -5.61067030E+02
1.06091320E+03 1.91875892E-02 -5.57961600E+02
1.06084540E+03 2.19709285E-02 -5.54854770E+02
1.06077770E+03 2.28562880E-02 -5.51739080E+02
1.06071000E+03 2.17110400E-02 -5.48620510E+02
1.06064220E+03 1.88623988E-02 -5.45497550E+02
1.06057450E+03 1.46274458E-02 -5.48630610E+02
1.06050680E+03 9.12797305E-03 -5.51675060E+02
1.06043910E+03 3.24196221E-03 -5.54181690E+02
1.06037140E+03 5.74714399E-03 -5.55525940E+02
1.06030380E+03 1.19125207E-02 -5.58405790E+02
1.06023610E+03 1.68721901E-02 -5.61486290E+02
1.06016840E+03 2.02379186E-02 -5.58347050E+02
1.06010080E+03 2.21301803E-02 -5.55235090E+02
1.06003310E+03 2.24999413E-02 -5.52121780E+02
1.05996550E+03 2.09726872E-02 -5.48987770E+02
1.05989790E+03 1.72872809E-02 -5.52107070E+02
1.05983020E+03 1.17591552E-02 -5.55179400E+02
1.05976260E+03 5.44322689E-03 -5.58068200E+02
1.05969500E+03 3.08841683E-03 -5.59525100E+02
1.05962740E+03 8.12281601E-03 -5.62103810E+02
1.05955980E+03 1.30133312E-02 -5.65217440E+02
1.05949230E+03 1.71920412E-02 -5.62116870E+02
1.05942470E+03 2.03134943E-02 -5.59012460E+02
1.05935710E+03 2.17219665E-02 -5.55884410E+02
1.05928960E+03 2.09254610E-02 -5.59014700E+02
1.05922210E+03 1.79674957E-02 -5.62118670E+02
1.05915450E+03 1.34089504E-02 -5.65175140E+02
1.05908700E+03 8.21136128E-03 -5.68084500E+02
1.05901950E+03 4.69287801E-03 -5.70408730E+02
1.05895200E+03 7.12566965E-03 -5.72592900E+02
1.05888450E+03 1.17783025E-02 -5.75458660E+02
1.05881700E+03 1.60679821E-02 -5.78513880E+02
1.05874950E+03 1.93329211E-02 -5.81623060E+02
1.05868200E+03 2.11615004E-02 -5.84752470E+02
1.05861460E+03 2.12878829E-02 -5.87892050E+02
1.05854710E+03 1.96777346E-02 -5.84753050E+02
1.05847970E+03 1.65281629E-02 -5.87889670E+02
1.05841220E+03 1.21605995E-02 -5.90981390E+02
1.05834480E+03 7.09506068E-03 -5.93881540E+02
1.05827740E+03 4.37043465E-03 -5.95908950E+02
1.05821000E+03 9.03117844E-03 -5.98208700E+02
1.05814260E+03 1.50641346E-02 -6.01154360E+02
1.05807520E+03 1.99520976E-02 -6.04236790E+02
1.05800780E+03 2.30088959E-02 -6.07372870E+02
1.05794040E+03 2.42059769E-02 -6.04251120E+02
1.05787300E+03 2.36156033E-02 -6.01128770E+02
1.05780570E+03 2.11041908E-02 -6.04263840E+02
1.05773830E+03 1.66329095E-02 -6.07345730E+02
1.05767100E+03 1.07659654E-02 -6.10298480E+02
1.05760360E+03 5.73118059E-03 -6.12739210E+02
1.05753630E+03 7.74068117E-03 -6.14751480E+02
1.05746900E+03 1.33273816E-02 -6.17552790E+02
1.05740170E+03 1.82906203E-02 -6.20602690E+02
1.05733440E+03 2.19369485E-02 -6.23728390E+02
1.05726710E+03 2.41895895E-02 -6.20597670E+02
1.05719980E+03 2.49387225E-02 -6.17467310E+02
1.05713250E+03 2.39154910E-02 -6.20602890E+02
1.05706530E+03 2.08979217E-02 -6.23705850E+02
1.05699800E+03 1.60209794E-02 -6.26746280E+02
1.05693080E+03 1.01629218E-02 -6.29614640E+02
1.05686350E+03 6.49205668E-03 -6.31918020E+02
1.05679630E+03 9.77642506E-03 -6.34204710E+02
1.05672910E+03 1.53965870E-02 -6.37086150E+02
1.05666190E+03 2.03367886E-02 -6.40152570E+02
1.05659460E+03 2.38273777E-02 -6.43275340E+02
1.05652740E+03 2.54619422E-02 -6.46414470E+02
1.05646030E+03 2.50004434E-02 -6.43273940E+02
1.05639310E+03 2.25814714E-02 -6.40135630E+02
1.05632590E+03 1.87892735E-02 -6.43277110E+02
1.05625870E+03 1.42956490E-02 -6.46379410E+02
1.05619160E+03 9.62023560E-03 -6.49326390E+02
1.05612440E+03 6.47948787E-03 -6.51797200E+02
1.05605730E+03 8.82601286E-03 -6.54092660E+02
1.05599020E+03 1.41349761E-02 -6.56913410E+02
1.05592300E+03 1.92719013E-02 -6.59950770E+02
1.05585590E+03 2.32549154E-02 -6.63063190E+02
1.05578880E+03 2.56583339E-02 -6.66203910E+02
1.05572170E+03 2.62867006E-02 -6.63069100E+02
1.05565460E+03 2.52083851E-02 -6.66209120E+02
1.05558760E+03 2.26202575E-02 -6.69316060E+02
1.05552050E+03 1.87562382E-02 -6.72349760E+02
1.05545340E+03 1.43414996E-02 -6.75239480E+02
1.05538640E+03 1.14385169E-02 -6.77885300E+02
1.05531930E+03 1.26343061E-02 -6.80448900E+02
1.05525230E+03 1.70369249E-02 -6.83257120E+02
1.05518530E+03 2.23874145E-02 -6.86247800E+02
1.05511830E+03 2.73205485E-02 -6.89309660E+02
1.05505120E+03 3.08278835E-02 -6.92394870E+02
1.05498420E+03 3.22881681E-02 -6.95486180E+02
1.05491730E+03 3.16017337E-02 -6.98571710E+02
1.05485030E+03 2.90510528E-02 -7.01633060E+02
1.05478330E+03 2.52009789E-02 -7.04639550E+02
1.05471630E+03 2.10998803E-02 -7.07542670E+02
1.05464940E+03 1.86000078E-02 -7.10299310E+02
1.05458240E+03 1.96298525E-02 -7.12991630E+02
1.05451550E+03 2.38360995E-02 -7.15791690E+02
1.05444850E+03 2.91170119E-02 -7.18727010E+02
1.05438160E+03 3.37910195E-02 -7.21747770E+02
1.05431470E+03 3.69328675E-02 -7.24813380E+02
1.05424780E+03 3.81110417E-02 -7.27897550E+02
1.05418090E+03 3.72987976E-02 -7.30980210E+02
1.05411400E+03 3.48573321E-02 -7.34037990E+02
1.05404710E+03 3.14179531E-02 -7.37036960E+02
1.05398020E+03 2.79620827E-02 -7.39937910E+02
1.05391340E+03 2.60876532E-02 -7.42731630E+02
1.05384650E+03 2.71982499E-02 -7.45495760E+02
1.05377970E+03 3.08966307E-02 -7.48338390E+02
1.05371280E+03 3.56322663E-02 -7.51282290E+02
1.05364600E+03 4.01321118E-02 -7.54293000E+02
1.05357920E+03 4.35248802E-02 -7.57334070E+02
1.05351240E+03 4.51884443E-02 -7.60381980E+02
1.05344550E+03 4.48672252E-02 -7.63422840E+02
1.05337870E+03 4.28288524E-02 -7.66445320E+02
1.05331200E+03 3.98749370E-02 -7.69435510E+02
1.05324520E+03 3.71807491E-02 -7.72377790E+02
1.05317840E+03 3.59976527E-02 -7.75268410E+02
1.05311160E+03 3.71660652E-02 -7.78134300E+02
1.05304490E+03 4.05782232E-02 -7.81021660E+02
1.05297810E+03 4.52713817E-02 -7.83958710E+02
1.05291140E+03 5.01121482E-02 -7.86944900E+02
1.05284470E+03 5.42350634E-02 -7.89964850E+02
1.05277790E+03 5.70740756E-02 -7.93000330E+02
1.05271120E+03 5.83344392E-02 -7.96035280E+02
1.05264450E+03 5.80602842E-02 -7.99056270E+02
1.05257780E+03 5.67370981E-02 -8.02051820E+02
1.05251110E+03 5.53343609E-02 -8.05013510E+02
1.05244450E+03 5.51398195E-02 -8.07941570E+02
1.05237780E+03 5.72443290E-02 -8.10851440E+02
1.05231110E+03 6.18924705E-02 -8.13768600E+02
1.05224450E+03 6.83281216E-02 -8.16711410E+02
1.05217780E+03 7.53070515E-02 -8.19682260E+02
1.05211120E+03 8.16785057E-02 -8.22672340E+02
1.05204460E+03 8.66441077E-02 -8.25669210E+02
1.05197790E+03 8.98799188E-02 -8.28661780E+02
1.05191130E+03 9.16892006E-02 -8.31642000E+02
1.05184470E+03 9.29863264E-02 -8.34604570E+02
1.05177810E+03 9.49378270E-02 -8.37547650E+02
1.05171150E+03 9.84600096E-02 -8.40475180E+02
1.05164500E+03 1.03894779E-01 -8.43397080E+02
1.05157840E+03 1.10984738E-01 -8.46324640E+02
1.05151180E+03 1.19058322E-01 -8.49264540E+02
1.05144530E+03 1.27250073E-01 -8.52216790E+02
1.05137870E+03 1.34691952E-01 -8.55176920E+02
1.05131220E+03 1.40747401E-01 -8.58139220E+02
1.05124570E+03 1.45258852E-01 -8.61098490E+02
1.05117910E+03 1.48637045E-01 -8.64050740E+02
1.05111260E+03 1.51702508E-01 -8.66993810E+02
1.05104610E+03 1.55360066E-01 -8.69928320E+02
1.05097960E+03 1.60261234E-01 -8.72858020E+02
1.05091320E+03 1.66600468E-01 -8.75788640E+02
1.05084670E+03 1.74115614E-01 -8.78725410E+02
1.05078020E+03 1.82224373E-01 -8.81670690E+02
1.05071370E+03 1.90167024E-01 -8.84623300E+02
1.05064730E+03 1.97160011E-01 -8.87579900E+02
1.05058090E+03 2.02678988E-01 -8.90537140E+02
1.05051440E+03 2.06794954E-01 -8.93492480E+02
1.05044800E+03 2.10235898E-01 -8.96443740E+02
1.05038160E+03 2.14018238E-01 -8.99388940E+02
1.05031520E+03 2.18933259E-01 -9.02327880E+02
1.05024880E+03 2.25282389E-01 -9.05263680E+02
1.05018240E+03 2.32937721E-01 -9.08201940E+02
1.05011600E+03 2.41532027E-01 -9.11147550E+02
1.05004960E+03 2.50571702E-01 -9.14101710E+02
1.04998320E+03 2.59428769E-01 -9.17061650E+02
1.04991690E+03 2.67398186E-01 -9.20022740E+02
1.04985050E+03 2.74012421E-01 -9.22981000E+02
1.04978420E+03 2.79459668E-01 -9.25934390E+02
1.04971780E+03 2.84678387E-01 -9.28882700E+02
1.04965150E+03 2.90907563E-01 -9.31826790E+02
1.04958520E+03 2.98970835E-01 -9.34768200E+02
1.04951890E+03 3.08835383E-01 -9.37709090E+02
1.04945260E+03 3.19755829E-01 -9.40651990E+02
1.04938630E+03 3.30827508E-01 -9.43598990E+02
1.04932000E+03 3.41471302E-01 -9.46550450E+02
1.04925370E+03 3.51502119E-01 -9.49504460E+02
1.04918750E+03 3.60877070E-01 -9.52457520E+02
1.04912120E+03 3.69545085E-01 -9.55406360E+02
1.04905500E+03 3.77649163E-01 -9.58349580E+02
1.04898870E+03 3.85836429E-01 -9.61288250E+02
1.04892250E+03 3.95201531E-01 -9.64225010E+02
1.04885630E+03 4.06706454E-01 -9.67162500E+02
1.04879000E+03 4.20448939E-01 -9.70102040E+02
1.04872380E+03 4.35385530E-01 -9.73043590E+02
1.04865760E+03 4.49840505E-01 -9.75986550E+02
1.04859140E+03 4.62524399E-01 -9.78930320E+02
1.04852530E+03 4.73327286E-01 -9.81873960E+02
1.04845910E+03 4.83294517E-01 -9.84815800E+02
1.04839290E+03 4.93860183E-01 -9.87753850E+02
1.04832680E+03 5.05989852E-01 -9.90687110E+02
1.04826060E+03 5.19845371E-01 -9.93616670E+02
1.04819450E+03 5.35055343E-01 -9.96545300E+02
1.04812830E+03 5.51196952E-01 -9.99475910E+02
1.04806220E+03 5.68004701E-01 -1.00240980E+03
1.04799610E+03 5.85154544E-01 -1.00534590E+03
1.04793000E+03 6.01990723E-01 -1.00828180E+03
1.04786390E+03 6.17712441E-01 -1.01121510E+03
1.04779780E+03 6.32013449E-01 -1.01414450E+03
1.04773170E+03 6.45552600E-01 -1.01707030E+03
1.04766560E+03 6.59715189E-01 -1.01999320E+03
1.04759960E+03 6.75788665E-01 -1.02291430E+03
1.04753350E+03 6.94161789E-01 -1.02583460E+03
1.04746740E+03 7.14074947E-01 -1.02875510E+03
1.04740140E+03 7.34034951E-01 -1.03167670E+03
1.04733540E+03 7.52613221E-01 -1.03459920E+03
1.04726930E+03 7.69148666E-01 -1.03752200E+03
1.04720330E+03 7.83957582E-01 -1.04044340E+03
1.04713730E+03 7.97991660E-01 -1.04336170E+03
1.04707130E+03 8.12242125E-01 -1.04627610E+03
1.04700530E+03 8.27281814E-01 -1.04918680E+03
1.04693930E+03 8.43151202E-01 -1.05209580E+03
1.04687340E+03 8.59527649E-01 -1.05500530E+03
1.04680740E+03 8.75926104E-01 -1.05791690E+03
1.04674140E+03 8.91692520E-01 -1.06083040E+03
1.04667550E+03 9.05869179E-01 -1.06374410E+03
1.04660950E+03 9.17356174E-01 -1.06665590E+03
1.04654360E+03 9.25597629E-01 -1.06956460E+03
1.04647770E+03 9.31305514E-01 -1.07247020E+03
1.04641180E+03 9.36372479E-01 -1.07537380E+03
1.04634590E+03 9.42717360E-01 -1.07827670E+03
1.04628000E+03 9.50825783E-01 -1.08117910E+03
1.04621410E+03 9.59165591E-01 -1.08408130E+03
1.04614820E+03 9.65022243E-01 -1.08698340E+03
1.04608230E+03 9.66151236E-01 -1.08988550E+03
1.04601640E+03 9.62029573E-01 -1.09278700E+03
1.04595060E+03 9.53918094E-01 -1.09568670E+03
1.04588470E+03 9.43907019E-01 -1.09858270E+03
1.04581890E+03 9.33705660E-01 -1.10147410E+03
1.04575300E+03 9.23837561E-01 -1.10436090E+03
1.04568720E+03 9.13519655E-01 -1.10724480E+03
1.04562140E+03 9.01203473E-01 -1.11012770E+03
1.04555560E+03 8.85471507E-01 -1.11301070E+03
1.04548980E+03 8.65732603E-01 -1.11589300E+03
1.04542400E+03 8.42321874E-01 -1.11877180E+03
1.04535820E+03 8.16190002E-01 -1.12164340E+03
1.04529240E+03 7.88643215E-01 -1.12450510E+03
1.04522670E+03 7.61186304E-01 -1.12735650E+03
1.04516090E+03 7.35150168E-01 -1.13019990E+03
1.04509520E+03 7.11119139E-01 -1.13303860E+03
1.04502940E+03 6.88658754E-01 -1.13587420E+03
1.04496370E+03 6.66724291E-01 -1.13870570E+03
1.04489800E+03 6.44644685E-01 -1.14152920E+03
1.04483220E+03 6.23209836E-01 -1.14434010E+03
1.04476650E+03 6.05129193E-01 -1.14713590E+03
1.04470080E+03 5.94154955E-01 -1.14991900E+03
1.04463510E+03 5.93018743E-01 -1.15269640E+03
1.04456940E+03 6.01664018E-01 -1.15547670E+03
1.04450380E+03 6.17361831E-01 -1.15826480E+03
1.04443810E+03 6.36614350E-01 -1.16106100E+03
1.04437240E+03 6.57309105E-01 -1.16386210E+03
1.04430680E+03 6.79697308E-01 -1.16666550E+03
1.04424110E+03 7.05677235E-01 -1.16947050E+03
1.04417550E+03 7.36909391E-01 -1.17227940E+03
1.04410990E+03 7.73098687E-01 -1.17509560E+03
1.04404430E+03 8.11673869E-01 -1.17792120E+03
1.04397860E+03 8.48975447E-01 -1.18075620E+03
1.04391300E+03 8.81955027E-01 -1.18359780E+03
1.04384740E+03 9.09273721E-01 -1.18644220E+03
1.04378190E+03 9.31380245E-01 -1.18928590E+03
1.04371630E+03 9.49795557E-01 -1.19212700E+03
1.04365070E+03 9.66026749E-01 -1.19496640E+03
1.04358510E+03 9.80563455E-01 -1.19780660E+03
1.04351960E+03 9.92448976E-01 -1.20065010E+03
1.04345400E+03 9.99660067E-01 -1.20349770E+03
1.04338850E+03 1.00000000E+00 -1.20634760E+03
1.04332300E+03 9.92004163E-01 -1.20919600E+03
1.04325750E+03 9.75593450E-01 -1.21203880E+03
1.04319200E+03 9.52312554E-01 -1.21487370E+03
1.04312640E+03 9.24845976E-01 -1.21770090E+03
1.04306100E+03 8.95731974E-01 -1.22052280E+03
1.04299550E+03 8.65916832E-01 -1.22334210E+03
1.04293000E+03 8.34194863E-01 -1.22615920E+03
1.04286450E+03 7.98144129E-01 -1.22897060E+03
1.04279900E+03 7.56281198E-01 -1.23177050E+03
1.04273360E+03 7.10283338E-01 -1.23455180E+03
1.04266810E+03 6.65661130E-01 -1.23730970E+03
1.04260270E+03 6.29861223E-01 -1.24004480E+03
1.04253730E+03 6.08594200E-01 -1.24276430E+03
1.04247190E+03 6.03090292E-01 -1.24547870E+03
1.04240640E+03 6.10716743E-01 -1.24819560E+03
1.04234100E+03 6.28256134E-01 -1.25091730E+03
1.04227560E+03 6.54643216E-01 -1.25364490E+03
1.04221020E+03 6.90834524E-01 -1.25638180E+03
1.04214490E+03 7.37239086E-01 -1.25913440E+03
1.04207950E+03 7.91215413E-01 -1.26190780E+03
1.04201410E+03 8.46755325E-01 -1.26470230E+03
1.04194880E+03 8.96387533E-01 -1.26751360E+03
1.04188340E+03 9.33969448E-01 -1.27033530E+03
1.04181810E+03 9.56826536E-01 -1.27316100E+03
1.04175280E+03 9.66041650E-01 -1.27598570E+03
1.04168740E+03 9.64710127E-01 -1.27880680E+03
1.04162210E+03 9.55303418E-01 -1.28162370E+03
1.04155680E+03 9.37910204E-01 -1.28443710E+03
1.04149150E+03 9.10554897E-01 -1.28724690E+03
1.04142620E+03 8.71398370E-01 -1.29005080E+03
1.04136090E+03 8.21386821E-01 -1.29284240E+03
1.04129570E+03 7.65772799E-01 -1.29561260E+03
1.04123040E+03 7.13664515E-01 -1.29835340E+03
1.04116510E+03 6.75258165E-01 -1.30106390E+03
1.04109990E+03 6.57078877E-01 -1.30375580E+03
1.04103460E+03 6.58201466E-01 -1.30644800E+03
1.04096940E+03 6.71710414E-01 -1.30915420E+03
1.04090420E+03 6.90294350E-01 -1.31187660E+03
1.04083900E+03 7.10297205E-01 -1.31461100E+03
1.04077380E+03 7.31542336E-01 -1.31735300E+03
1.04070860E+03 7.54474784E-01 -1.32010180E+03
1.04064340E+03 7.77430884E-01 -1.32285890E+03
1.04057820E+03 7.96146708E-01 -1.32562530E+03
1.04051300E+03 8.05751935E-01 -1.32839850E+03
1.04044780E+03 8.03645289E-01 -1.33117220E+03
1.04038270E+03 7.91340881E-01 -1.33393850E+03
1.04031750E+03 7.74304985E-01 -1.33669100E+03
1.04025240E+03 7.59636400E-01 -1.33942880E+03
1.04018720E+03 7.52298073E-01 -1.34215780E+03
1.04012210E+03 7.52234711E-01 -1.34488770E+03
1.04005700E+03 7.55053733E-01 -1.34762430E+03
1.03999190E+03 7.55811637E-01 -1.35036650E+03
1.03992680E+03 7.52554496E-01 -1.35310820E+03
1.03986170E+03 7.47141566E-01 -1.35584360E+03
1.03979660E+03 7.43171521E-01 -1.35857210E+03
1.03973150E+03 7.42569977E-01 -1.36129860E+03
1.03966650E+03 7.43628113E-01 -1.36402960E+03
1.03960140E+03 7.42364850E-01 -1.36676690E+03
1.03953630E+03 7.35902507E-01 -1.36950590E+03
1.03947130E+03 7.24992221E-01 -1.37223870E+03
1.03940630E+03 7.14041014E-01 -1.37495960E+03
1.03934120E+03 7.08456188E-01 -1.37767010E+03
1.03927620E+03 7.10628335E-01 -1.38037900E+03
1.03921120E+03 7.17771496E-01 -1.38309560E+03
1.03914620E+03 7.23890917E-01 -1.38582280E+03
1.03908120E+03 7.24046152E-01 -1.38855570E+03
1.03901620E+03 7.17427000E-01 -1.39128550E+03
1.03895120E+03 7.07562365E-01 -1.39400510E+03
1.03888620E+03 6.99727811E-01 -1.39671420E+03
1.03882130E+03 6.97034569E-01 -1.39941920E+03
1.03875630E+03 6.98241942E-01 -1.40212770E+03
1.03869140E+03 6.99361766E-01 -1.40484180E+03
1.03862640E+03 6.97426369E-01 -1.40755750E+03
1.03856150E+03 6.93108065E-01 -1.41026820E+03
1.03849660E+03 6.90338475E-01 -1.41297080E+03
1.03843170E+03 6.93082340E-01 -1.41566940E+03
1.03836680E+03 7.01549122E-01 -1.41837240E+03
1.03830190E+03 7.11311437E-01 -1.42108610E+03
1.03823700E+03 7.16298953E-01 -1.42380880E+03
1.03817210E+03 7.12936414E-01 -1.42653280E+03
1.03810720E+03 7.02446183E-01 -1.42924880E+03
1.03804230E+03 6.90148607E-01 -1.43195170E+03
1.03797750E+03 6.81973438E-01 -1.43464400E+03
1.03791260E+03 6.80186136E-01 -1.43733450E+03
1.03784780E+03 6.81921806E-01 -1.44003110E+03
1.03778300E+03 6.82049265E-01 -1.44273420E+03
1.03771810E+03 6.77636990E-01 -1.44543770E+03
1.03765330E+03 6.70357703E-01 -1.44813400E+03
1.03758850E+03 6.65247984E-01 -1.45082050E+03
1.03752370E+03 6.66522423E-01 -1.45350250E+03
1.03745890E+03 6.73553012E-01 -1.45618930E+03
1.03739410E+03 6.80896240E-01 -1.45888630E+03
1.03732930E+03 6.82602549E-01 -1.46159010E+03
1.03726460E+03 6.76907394E-01 -1.46429150E+03
1.03719980E+03 6.67661396E-01 -1.46698250E+03
1.03713500E+03 6.61486712E-01 -1.46966190E+03
1.03707030E+03 6.62409949E-01 -1.47233780E+03
1.03700560E+03 6.68378927E-01 -1.47501980E+03
1.03694080E+03 6.73202473E-01 -1.47771130E+03
1.03687610E+03 6.71971294E-01 -1.48040640E+03
1.03681140E+03 6.64985804E-01 -1.48309620E+03
1.03674670E+03 6.57387823E-01 -1.48577510E+03
1.03668200E+03 6.54884723E-01 -1.48844620E+03
1.03661730E+03 6.58730355E-01 -1.49111910E+03
1.03655260E+03 6.64498044E-01 -1.49380070E+03
1.03648800E+03 6.65945989E-01 -1.49648960E+03
1.03642330E+03 6.60281667E-01 -1.49917740E+03
1.03635860E+03 6.50535264E-01 -1.50185520E+03
1.03629400E+03 6.43386128E-01 -1.50452120E+03
1.03622930E+03 6.43733819E-01 -1.50718250E+03
1.03616470E+03 6.50365543E-01 -1.50984980E+03
1.03610010E+03 6.57050888E-01 -1.51252720E+03
1.03603550E+03 6.58017089E-01 -1.51520960E+03
1.03597090E+03 6.52714838E-01 -1.51788730E+03
1.03590630E+03 6.46211846E-01 -1.52055410E+03
1.03584170E+03 6.44826876E-01 -1.52321370E+03
1.03577710E+03 6.50244016E-01 -1.52587620E+03
1.03571250E+03 6.57692580E-01 -1.52854920E+03
1.03564790E+03 6.60168372E-01 -1.53123050E+03
1.03558340E+03 6.54483163E-01 -1.53391010E+03
1.03551880E+03 6.44083923E-01 -1.53657810E+03
1.03545430E+03 6.36540478E-01 -1.53923280E+03
1.03538970E+03 6.37111992E-01 -1.54188340E+03
1.03532520E+03 6.43839367E-01 -1.54454210E+03
1.03526070E+03 6.49373367E-01 -1.54721250E+03
1.03519620E+03 6.47640309E-01 -1.54988720E+03
1.03513170E+03 6.39033732E-01 -1.55255470E+03
1.03506720E+03 6.30201388E-01 -1.55520840E+03
1.03500270E+03 6.28332667E-01 -1.55785350E+03
1.03493820E+03 6.34250542E-01 -1.56050340E+03
1.03487370E+03 6.41326656E-01 -1.56316630E+03
1.03480930E+03 6.41597834E-01 -1.56583780E+03
1.03474480E+03 6.32780736E-01 -1.56850540E+03
1.03468040E+03 6.20443922E-01 -1.57115820E+03
1.03461590E+03 6.13815713E-01 -1.57379650E+03
1.03455150E+03 6.17694358E-01 -1.57643370E+03
1.03448710E+03 6.27652667E-01 -1.57908410E+03
1.03442270E+03 6.33995607E-01 -1.58174900E+03
1.03435830E+03 6.30202222E-01 -1.58441730E+03
1.03429390E+03 6.18178809E-01 -1.58707400E+03
1.03422950E+03 6.06866056E-01 -1.58971240E+03
1.03416510E+03 6.04734636E-01 -1.59234140E+03
1.03410070E+03 6.11794541E-01 -1.59497800E+03
1.03403630E+03 6.19623757E-01 -1.59763050E+03
1.03397200E+03 6.19539127E-01 -1.60029170E+03
1.03390760E+03 6.10321923E-01 -1.60294610E+03
1.03384330E+03 5.99353018E-01 -1.60558270E+03
1.03377900E+03 5.96247809E-01 -1.60820640E+03
1.03371460E+03 6.03479710E-01 -1.61083460E+03
1.03365030E+03 6.13640106E-01 -1.61347990E+03
1.03358600E+03 6.16703332E-01 -1.61613840E+03
1.03352170E+03 6.09062723E-01 -1.61879440E+03
1.03345740E+03 5.96625159E-01 -1.62143310E+03
1.03339310E+03 5.90131494E-01 -1.62405370E+03
1.03332880E+03 5.95351081E-01 -1.62667190E+03
1.03326460E+03 6.07038598E-01 -1.62930530E+03
1.03320030E+03 6.13974218E-01 -1.63195560E+03
1.03313600E+03 6.09340176E-01 -1.63460900E+03
1.03307180E+03 5.96552873E-01 -1.63724820E+03
1.03300750E+03 5.86797853E-01 -1.63986660E+03
1.03294330E+03 5.89353587E-01 -1.64247720E+03
1.03287910E+03 6.02141312E-01 -1.64510130E+03
1.03281490E+03 6.13146296E-01 -1.64774760E+03
1.03275070E+03 6.11329764E-01 -1.65040440E+03
1.03268650E+03 5.95964563E-01 -1.65305030E+03
1.03262230E+03 5.78191949E-01 -1.65566880E+03
1.03255810E+03 5.73258144E-01 -1.65826500E+03
1.03249390E+03 5.86498926E-01 -1.66086700E+03
1.03242980E+03 6.06997883E-01 -1.66349790E+03
1.03236560E+03 6.17608120E-01 -1.66615440E+03
1.03230140E+03 6.09124413E-01 -1.66881350E+03
1.03223730E+03 5.86884486E-01 -1.67144890E+03
1.03217320E+03 5.67812680E-01 -1.67404830E+03
1.03210900E+03 5.67584646E-01 -1.67662990E+03
1.03204490E+03 5.85477719E-01 -1.67922990E+03
1.03198080E+03 6.04979049E-01 -1.68186540E+03
1.03191670E+03 6.09399557E-01 -1.68452350E+03
1.03185260E+03 5.94116302E-01 -1.68717680E+03
1.03178850E+03 5.68986538E-01 -1.68980010E+03
1.03172440E+03 5.52235638E-01 -1.69238730E+03
1.03166040E+03 5.56396432E-01 -1.69496350E+03
1.03159630E+03 5.76246909E-01 -1.69756350E+03
1.03153220E+03 5.94162772E-01 -1.70019760E+03
1.03146820E+03 5.95804935E-01 -1.70284850E+03
1.03140420E+03 5.79640897E-01 -1.70548950E+03
1.03134010E+03 5.57115536E-01 -1.70809960E+03
1.03127610E+03 5.44863029E-01 -1.71067960E+03
1.03121210E+03 5.51200181E-01 -1.71325650E+03
1.03114810E+03 5.68513870E-01 -1.71585860E+03
1.03108410E+03 5.81285549E-01 -1.71848900E+03
1.03102010E+03 5.79231016E-01 -1.72113010E+03
1.03095610E+03 5.63452039E-01 -1.72375850E+03
1.03089210E+03 5.44765573E-01 -1.72635900E+03
1.03082820E+03 5.36086299E-01 -1.72893620E+03
1.03076420E+03 5.42362757E-01 -1.73151300E+03
1.03070020E+03 5.56896597E-01 -1.73411020E+03
1.03063630E+03 5.68100185E-01 -1.73672960E+03
1.03057240E+03 5.68450534E-01 -1.73935790E+03
1.03050840E+03 5.58395317E-01 -1.74197830E+03
1.03044450E+03 5.45015238E-01 -1.74457960E+03
1.03038060E+03 5.37123915E-01 -1.74716340E+03
1.03031670E+03 5.39121990E-01 -1.74974350E+03
1.03025280E+03 5.47966477E-01 -1.75233510E+03
1.03018890E+03 5.56053675E-01 -1.75494300E+03
1.03012500E+03 5.56957000E-01 -1.75756000E+03
1.03006110E+03 5.49329346E-01 -1.76017380E+03
1.02999730E+03 5.37346471E-01 -1.76277370E+03
1.02993340E+03 5.28022585E-01 -1.76535760E+03
1.02986960E+03 5.26469790E-01 -1.76793400E+03
1.02980570E+03 5.32095010E-01 -1.77051610E+03
1.02974190E+03 5.39313490E-01 -1.77311110E+03
1.02967810E+03 5.42101107E-01 -1.77571530E+03
1.02961430E+03 5.38165356E-01 -1.77831870E+03
1.02955040E+03 5.30110338E-01 -1.78091190E+03
1.02948660E+03 5.23446320E-01 -1.78349250E+03
1.02942280E+03 5.22581659E-01 -1.78606740E+03
1.02935910E+03 5.27469904E-01 -1.78864730E+03
1.02929530E+03 5.33785116E-01 -1.79123850E+03
1.02923150E+03 5.36326636E-01 -1.79383810E+03
1.02916770E+03 5.32667467E-01 -1.79643710E+03
1.02910400E+03 5.24781250E-01 -1.79902590E+03
1.02904020E+03 5.17850838E-01 -1.80160120E+03
1.02897650E+03 5.16556977E-01 -1.80416950E+03
1.02891280E+03 5.21224644E-01 -1.80674220E+03
1.02884910E+03 5.27428232E-01 -1.80932700E+03
1.02878530E+03 5.29555767E-01 -1.81192140E+03
1.02872160E+03 5.25002971E-01 -1.81451530E+03
1.02865790E+03 5.16045172E-01 -1.81709810E+03
1.02859420E+03 5.08518918E-01 -1.81966580E+03
1.02853060E+03 5.07776920E-01 -1.82222490E+03
1.02846690E+03 5.14334220E-01 -1.82478910E+03
1.02840320E+03 5.23134103E-01 -1.82736750E+03
1.02833950E+03 5.27410514E-01 -1.82995790E+03
1.02827590E+03 5.23710244E-01 -1.83254890E+03
1.02821230E+03 5.14514606E-01 -1.83512780E+03
1.02814860E+03 5.06861115E-01 -1.83768960E+03
1.02808500E+03 5.07100227E-01 -1.84024270E+03
1.02802140E+03 5.15324422E-01 -1.84280270E+03
1.02795780E+03 5.25121186E-01 -1.84537890E+03
1.02789410E+03 5.28955206E-01 -1.84796670E+03
1.02783060E+03 5.23746160E-01 -1.85055310E+03
1.02776700E+03 5.12861697E-01 -1.85312550E+03
1.02770340E+03 5.03929261E-01 -1.85568020E+03
1.02763980E+03 5.03366914E-01 -1.85822660E+03
1.02757620E+03 5.11161384E-01 -1.86078100E+03
1.02751270E+03 5.20859405E-01 -1.86335210E+03
1.02744910E+03 5.24811576E-01 -1.86593500E+03
1.02738560E+03 5.19737020E-01 -1.86851590E+03
1.02732210E+03 5.08977259E-01 -1.87108170E+03
1.02725850E+03 5.00367885E-01 -1.87362880E+03
1.02719500E+03 5.00354704E-01 -1.87616810E+03
1.02713150E+03 5.08427301E-01 -1.87871700E+03
1.02706800E+03 5.17500647E-01 -1.88128370E+03
1.02700450E+03 5.19864982E-01 -1.88386190E+03
1.02694100E+03 5.13003226E-01 -1.88643630E+03
1.02687750E+03 5.01467706E-01 -1.88899330E+03
1.02681410E+03 4.93834142E-01 -1.89153120E+03
1.02675060E+03 4.95915598E-01 -1.89406370E+03
1.02668710E+03 5.05561045E-01 -1.89660860E+03
1.02662370E+03 5.14627049E-01 -1.89917190E+03
1.02656030E+03 5.15821587E-01 -1.90174460E+03
1.02649680E+03 5.08012116E-01 -1.90431090E+03
1.02643340E+03 4.96980070E-01 -1.90685860E+03
1.02637000E+03 4.91356032E-01 -1.90938870E+03
1.02630660E+03 4.95605397E-01 -1.91191680E+03
1.02624320E+03 5.05873097E-01 -1.91445960E+03
1.02617980E+03 5.13364812E-01 -1.91702000E+03
1.02611640E+03 5.11685792E-01 -1.91958650E+03
1.02605300E+03 5.01672403E-01 -1.92214290E+03
1.02598960E+03 4.90878549E-01 -1.92467940E+03
1.02592630E+03 4.87795992E-01 -1.92720210E+03
1.02586290E+03 4.94439804E-01 -1.92972870E+03
1.02579960E+03 5.04533210E-01 -1.93227210E+03
1.02573620E+03 5.09412181E-01 -1.93482910E+03
1.02567290E+03 5.05170862E-01 -1.93738550E+03
1.02560960E+03 4.95320078E-01 -1.93992730E+03
1.02554630E+03 4.87884628E-01 -1.94245130E+03
1.02548300E+03 4.88765199E-01 -1.94496920E+03
1.02541970E+03 4.96565242E-01 -1.94749730E+03
1.02535640E+03 5.04150097E-01 -1.95004130E+03
1.02529310E+03 5.05043325E-01 -1.95259300E+03
1.02522980E+03 4.98460630E-01 -1.95513780E+03
1.02516660E+03 4.89734887E-01 -1.95766580E+03
1.02510330E+03 4.86074614E-01 -1.96018020E+03
1.02504000E+03 4.90273985E-01 -1.96269580E+03
1.02497680E+03 4.98063159E-01 -1.96522590E+03
1.02491360E+03 5.02069378E-01 -1.96777000E+03
1.02485030E+03 4.98124513E-01 -1.97031560E+03
1.02478710E+03 4.88568583E-01 -1.97284820E+03
1.02472390E+03 4.80618196E-01 -1.97536200E+03
1.02466070E+03 4.80411001E-01 -1.97786690E+03
1.02459750E+03 4.87174620E-01 -1.98037970E+03
1.02453430E+03 4.93951212E-01 -1.98290820E+03
1.02447110E+03 4.94244555E-01 -1.98544470E+03
1.02440790E+03 4.87535517E-01 -1.98797460E+03
1.02434480E+03 4.79429734E-01 -1.99048850E+03
1.02428160E+03 4.76779645E-01 -1.99299020E+03
1.02421850E+03 4.81508816E-01 -1.99549440E+03
1.02415530E+03 4.88980040E-01 -1.99801190E+03
1.02409220E+03 4.92475624E-01 -2.00054090E+03
1.02402910E+03 4.88859929E-01 -2.00306940E+03
1.02396590E+03 4.80869099E-01 -2.00558550E+03
1.02390280E+03 4.74908107E-01 -2.00808640E+03
1.02383970E+03 4.75590402E-01 -2.01058220E+03
1.02377660E+03 4.81381190E-01 -2.01308690E+03
1.02371350E+03 4.86074511E-01 -2.01560510E+03
1.02365050E+03 4.84584048E-01 -2.01812830E+03
1.02358740E+03 4.77294815E-01 -2.02064300E+03
1.02352430E+03 4.69637903E-01 -2.02314180E+03
1.02346130E+03 4.67254160E-01 -2.02563010E+03
1.02339820E+03 4.70728605E-01 -2.02812180E+03
1.02333520E+03 4.75315737E-01 -2.03062530E+03
1.02327210E+03 4.75769156E-01 -2.03313670E+03
1.02320910E+03 4.70925833E-01 -2.03564510E+03
1.02314610E+03 4.64328246E-01 -2.03814180E+03
1.02308310E+03 4.61024999E-01 -2.04062730E+03
1.02302010E+03 4.63147547E-01 -2.04311110E+03
1.02295710E+03 4.68032980E-01 -2.04560280E+03
1.02289410E+03 4.70668801E-01 -2.04810330E+03
1.02283110E+03 4.68078092E-01 -2.05060470E+03
1.02276810E+03 4.61875308E-01 -2.05309720E+03
1.02270520E+03 4.57023894E-01 -2.05557750E+03
1.02264220E+03 4.57492033E-01 -2.05805270E+03
1.02257930E+03 4.62400973E-01 -2.06053440E+03
1.02251630E+03 4.66711088E-01 -2.06302730E+03
1.02245340E+03 4.65914423E-01 -2.06552480E+03
1.02239050E+03 4.60105314E-01 -2.06801540E+03
1.02232760E+03 4.53927549E-01 -2.07049240E+03
1.02226460E+03 4.52399337E-01 -2.07296050E+03
1.02220170E+03 4.56167710E-01 -2.07543150E+03
1.02213890E+03 4.60974142E-01 -2.07791320E+03
1.02207600E+03 4.61844162E-01 -2.08040200E+03
1.02201310E+03 4.57599333E-01 -2.08288750E+03
1.02195020E+03 4.51784141E-01 -2.08536190E+03
1.02188730E+03 4.49422741E-01 -2.08782660E+03
1.02182450E+03 4.52343840E-01 -2.09029120E+03
1.02176160E+03 4.57558575E-01 -2.09276350E+03
1.02169880E+03 4.60246608E-01 -2.09524210E+03
1.02163600E+03 4.58082111E-01 -2.09771850E+03
1.02157310E+03 4.52995221E-01 -2.10018460E+03
1.02151030E+03 4.49108706E-01 -2.10264030E+03
1.02144750E+03 4.48738365E-01 -2.10509310E+03
1.02138470E+03 4.50376276E-01 -2.10755050E+03
1.02132190E+03 4.50611107E-01 -2.11001310E+03
1.02125910E+03 4.47604401E-01 -2.11247460E+03
1.02119640E+03 4.42636973E-01 -2.11492880E+03
1.02113360E+03 4.38574942E-01 -2.11737490E+03
1.02107080E+03 4.36978249E-01 -2.11981820E+03
1.02100810E+03 4.36870255E-01 -2.12226390E+03
1.02094530E+03 4.36197387E-01 -2.12471280E+03
1.02088260E+03 4.33981209E-01 -2.12716160E+03
1.02081980E+03 4.30951065E-01 -2.12960700E+03
1.02075710E+03 4.28414682E-01 -2.13204920E+03
1.02069440E+03 4.26847631E-01 -2.13449040E+03
1.02063170E+03 4.25730337E-01 -2.13693220E+03
1.02056900E+03 4.24471342E-01 -2.13937430E+03
1.02050630E+03 4.23059677E-01 -2.14181520E+03
1.02044360E+03 4.21858211E-01 -2.14425420E+03
1.02038090E+03 4.21142624E-01 -2.14669110E+03
1.02031830E+03 4.20993670E-01 -2.14912580E+03
1.02025560E+03 4.21388526E-01 -2.15155820E+03
1.02019290E+03 4.22161734E-01 -2.15398800E+03
1.02013030E+03 4.23038982E-01 -2.15641480E+03
1.02006770E+03 4.23943121E-01 -2.15883770E+03
1.02000500E+03 4.25062878E-01 -2.16125670E+03
1.01994240E+03 4.26269504E-01 -2.16367330E+03
1.01987980E+03 4.26680384E-01 -2.16608850E+03
1.01981720E+03 4.25412952E-01 -2.16850100E+03
1.01975460E+03 4.22793531E-01 -2.17090870E+03
1.01969200E+03 4.20078874E-01 -2.17331200E+03
1.01962940E+03 4.17590421E-01 -2.17571490E+03
1.01956680E+03 4.13852353E-01 -2.17811970E+03
1.01950420E+03 4.07349985E-01 -2.18052390E+03
1.01944170E+03 3.98812337E-01 -2.18292240E+03
1.01937910E+03 3.90988887E-01 -2.18531370E+03
1.01931660E+03 3.85747962E-01 -2.18770400E+03
1.01925400E+03 3.81727914E-01 -2.19010040E+03
1.01919150E+03 3.75744395E-01 -2.19250270E+03
1.01912900E+03 3.66657101E-01 -2.19490240E+03
1.01906650E+03 3.57160818E-01 -2.19729240E+03
1.01900390E+03 3.51015270E-01 -2.19967610E+03
1.01894140E+03 3.48479942E-01 -2.20206510E+03
1.01887900E+03 3.45830768E-01 -2.20446450E+03
1.01881650E+03 3.39944804E-01 -2.20686590E+03
1.01875400E+03 3.32242788E-01 -2.20925630E+03
1.01869150E+03 3.27231524E-01 -2.21163330E+03
1.01862910E+03 3.26916870E-01 -2.21400870E+03
1.01856660E+03 3.28001951E-01 -2.21639270E+03
1.01850410E+03 3.25992791E-01 -2.21877930E+03
1.01844170E+03 3.20825482E-01 -2.22115350E+03
1.01837930E+03 3.16995110E-01 -2.22350950E+03
1.01831680E+03 3.17693894E-01 -2.22585920E+03
1.01825440E+03 3.20128474E-01 -2.22821690E+03
1.01819200E+03 3.18822411E-01 -2.23057990E+03
1.01812960E+03 3.12598599E-01 -2.23293120E+03
1.01806720E+03 3.06369837E-01 -2.23526070E+03
1.01800480E+03 3.05091280E-01 -2.23758040E+03
1.01794250E+03 3.06756796E-01 -2.23991120E+03
1.01788010E+03 3.04586349E-01 -2.24225440E+03
1.01781770E+03 2.95819174E-01 -2.24458930E+03
1.01775540E+03 2.85629739E-01 -2.24689830E+03
1.01769300E+03 2.80944772E-01 -2.24919120E+03
1.01763070E+03 2.80921334E-01 -2.25149580E+03
1.01756830E+03 2.77948627E-01 -2.25381940E+03
1.01750600E+03 2.67854197E-01 -2.25613980E+03
1.01744370E+03 2.55185403E-01 -2.25843360E+03
1.01738140E+03 2.47689558E-01 -2.26070680E+03
1.01731910E+03 2.45915788E-01 -2.26299240E+03
1.01725680E+03 2.42362963E-01 -2.26530420E+03
1.01719450E+03 2.31770908E-01 -2.26761910E+03
1.01713220E+03 2.17937055E-01 -2.26990590E+03
1.01706990E+03 2.09274086E-01 -2.27216610E+03
1.01700770E+03 2.07336502E-01 -2.27444010E+03
1.01694540E+03 2.04183354E-01 -2.27674910E+03
1.01688320E+03 1.93497910E-01 -2.27906460E+03
1.01682090E+03 1.79155042E-01 -2.28134260E+03
1.01675870E+03 1.70929070E-01 -2.28358300E+03
1.01669650E+03 1.70554789E-01 -2.28584370E+03
1.01663430E+03 1.68520052E-01 -2.28815300E+03
1.01657200E+03 1.57936953E-01 -2.29046910E+03
1.01650980E+03 1.43640450E-01 -2.29273340E+03
1.01644760E+03 1.36355194E-01 -2.29494900E+03
1.01638550E+03 1.36920371E-01 -2.29719650E+03
1.01632330E+03 1.34912894E-01 -2.29950410E+03
1.01626110E+03 1.24479878E-01 -2.30181350E+03
1.01619890E+03 1.11565658E-01 -2.30405510E+03
1.01613680E+03 1.06507141E-01 -2.30624380E+03
1.01607460E+03 1.08520814E-01 -2.30848420E+03
1.01601250E+03 1.06947342E-01 -2.31079630E+03
1.01595030E+03 9.72586063E-02 -2.31310030E+03
1.01588820E+03 8.65392697E-02 -2.31531480E+03
1.01582610E+03 8.46122509E-02 -2.31748240E+03
1.01576400E+03 8.81171067E-02 -2.31973660E+03
1.01570190E+03 8.61226794E-02 -2.32206930E+03
1.01563980E+03 7.61969960E-02 -2.32436950E+03
1.01557770E+03 6.73683568E-02 -2.32654360E+03
1.01551560E+03 6.87438092E-02 -2.32868980E+03
1.01545350E+03 7.35861407E-02 -2.33096850E+03
1.01539150E+03 7.10439427E-02 -2.33332390E+03
1.01532940E+03 6.08308441E-02 -2.33561220E+03
1.01526740E+03 5.37369500E-02 -2.33773320E+03
1.01520530E+03 5.75378362E-02 -2.33986570E+03
1.01514330E+03 6.23165476E-02 -2.34217510E+03
1.01508120E+03 5.83168483E-02 -2.34454530E+03
1.01501920E+03 4.79745078E-02 -2.34679680E+03
1.01495720E+03 4.38610157E-02 -2.34885170E+03
1.01489520E+03 4.97688336E-02 -2.35101030E+03
1.01483320E+03 5.28681568E-02 -2.35336430E+03
1.01477120E+03 4.64329290E-02 -2.35572990E+03
1.01470920E+03 3.66764189E-02 -2.35788840E+03
1.01464730E+03 3.71648840E-02 -2.35987840E+03
1.01458530E+03 4.42418467E-02 -2.36211660E+03
1.01452330E+03 4.46122651E-02 -2.36452290E+03
1.01446140E+03 3.61418469E-02 -2.36686080E+03
1.01439940E+03 2.90208039E-02 -2.36889060E+03
1.01433750E+03 3.40384062E-02 -2.37091140E+03
1.01427560E+03 4.00735898E-02 -2.37325450E+03
1.01421360E+03 3.71982715E-02 -2.37568130E+03
1.01415170E+03 2.80540749E-02 -2.37791460E+03
1.01408980E+03 2.63983708E-02 -2.37981540E+03
1.01402790E+03 3.43202214E-02 -2.38198240E+03
1.01396600E+03 3.75293725E-02 -2.38440530E+03
1.01390410E+03 3.15958564E-02 -2.38679320E+03
1.01384230E+03 2.43130265E-02 -2.38884520E+03
1.01378040E+03 2.88894830E-02 -2.39077890E+03
1.01371850E+03 3.67916893E-02 -2.39308950E+03
1.01365670E+03 3.65449121E-02 -2.39552050E+03
1.01359480E+03 2.85855930E-02 -2.39779370E+03
1.01353300E+03 2.53571765E-02 -2.39969100E+03
1.01347110E+03 3.33770745E-02 -2.40176790E+03
1.01340930E+03 3.83381051E-02 -2.40414940E+03
1.01334750E+03 3.33745262E-02 -2.40653400E+03
1.01328570E+03 2.49037802E-02 -2.40860420E+03
1.01322390E+03 2.82195927E-02 -2.41046850E+03
1.01316210E+03 3.63823845E-02 -2.41273590E+03
1.01310030E+03 3.58763655E-02 -2.41515840E+03
1.01303850E+03 2.69223587E-02 -2.41741760E+03
1.01297680E+03 2.36695422E-02 -2.41925210E+03
1.01291500E+03 3.20160241E-02 -2.42134420E+03
1.01285320E+03 3.56917624E-02 -2.42376110E+03
1.01279150E+03 2.88653928E-02 -2.42616100E+03
1.01272970E+03 1.97428587E-02 -2.42813820E+03
1.01266800E+03 2.48414070E-02 -2.42994310E+03
1.01260630E+03 3.26057296E-02 -2.43227920E+03
1.01254460E+03 3.06314394E-02 -2.43474670E+03
1.01248280E+03 2.07807242E-02 -2.43698780E+03
1.01242110E+03 1.88798035E-02 -2.43867880E+03
1.01235940E+03 2.76979877E-02 -2.44082490E+03
1.01229780E+03 3.00147319E-02 -2.44329670E+03
1.01223610E+03 2.22720567E-02 -2.44570220E+03
1.01217440E+03 1.45920208E-02 -2.44751010E+03
1.01211270E+03 2.16415683E-02 -2.44935120E+03
1.01205110E+03 2.72525425E-02 -2.45177700E+03
1.01198940E+03 2.29331544E-02 -2.45426160E+03
1.01192780E+03 1.34491464E-02 -2.45633840E+03
1.01186610E+03 1.60753669E-02 -2.45790660E+03
1.01180450E+03 2.35623566E-02 -2.46022530E+03
1.01174290E+03 2.28239263E-02 -2.46273780E+03
1.01168130E+03 1.45435178E-02 -2.46504080E+03
1.01161970E+03 1.20074144E-02 -2.46657470E+03
1.01155810E+03 1.96992700E-02 -2.46868460E+03
1.01149650E+03 2.19333287E-02 -2.47118710E+03
1.01143490E+03 1.58373015E-02 -2.47362690E+03
1.01137330E+03 9.42603713E-03 -2.47534850E+03
1.01131170E+03 1.58141209E-02 -2.47713750E+03
1.01125020E+03 2.05850475E-02 -2.47961190E+03
1.01118860E+03 1.71446108E-02 -2.48214950E+03
1.01112710E+03 8.90918038E-03 -2.48425720E+03
1.01106550E+03 1.11574616E-02 -2.48565250E+03
1.01100400E+03 1.73866058E-02 -2.48801730E+03
1.01094250E+03 1.65151028E-02 -2.49056920E+03
1.01088100E+03 9.51791784E-03 -2.49285250E+03
1.01081950E+03 8.88734274E-03 -2.49420460E+03
1.01075800E+03 1.54187448E-02 -2.49643170E+03
1.01069650E+03 1.62461999E-02 -2.49896730E+03
1.01063500E+03 1.06619206E-02 -2.50133300E+03
1.01057350E+03 7.91294661E-03 -2.50283770E+03
1.01051200E+03 1.37584930E-02 -2.50486590E+03
1.01045060E+03 1.58745794E-02 -2.50733730E+03
1.01038910E+03 1.19671421E-02 -2.50972170E+03
1.01032770E+03 8.09993623E-03 -2.51146990E+03
1.01026620E+03 1.24672655E-02 -2.51329370E+03
1.01020480E+03 1.60094519E-02 -2.51567160E+03
1.01014340E+03 1.42654061E-02 -2.51808850E+03
1.01008190E+03 9.70742371E-03 -2.52017480E+03
1.01002050E+03 1.05619307E-02 -2.52185710E+03
1.00995910E+03 1.50063127E-02 -2.52405440E+03
1.00989770E+03 1.56756837E-02 -2.52647460E+03
1.00983630E+03 1.16768652E-02 -2.52876660E+03
1.00977490E+03 9.21096548E-03 -2.53049280E+03
1.00971360E+03 1.38971972E-02 -2.53244340E+03
1.00965220E+03 1.69672594E-02 -2.53483140E+03
1.00959080E+03 1.45314779E-02 -2.53721440E+03
1.00952950E+03 1.03740619E-02 -2.53917790E+03
1.00946810E+03 1.32930324E-02 -2.54096870E+03
1.00940680E+03 1.75382171E-02 -2.54327700E+03
1.00934550E+03 1.62687864E-02 -2.54570420E+03
1.00928420E+03 1.06809770E-02 -2.54784930E+03
1.00922280E+03 1.07691114E-02 -2.54942910E+03
1.00916150E+03 1.61702712E-02 -2.55158660E+03
1.00910020E+03 1.70044862E-02 -2.55401090E+03
1.00903890E+03 1.22947200E-02 -2.55629140E+03
1.00897770E+03 9.79410787E-03 -2.55796780E+03
1.00891640E+03 1.47978407E-02 -2.55996270E+03
1.00885510E+03 1.68221931E-02 -2.56238920E+03
1.00879380E+03 1.22870627E-02 -2.56477910E+03
1.00873260E+03 7.56029305E-03 -2.56640030E+03
1.00867130E+03 1.36801718E-02 -2.56820340E+03
1.00861010E+03 1.77823708E-02 -2.57067890E+03
1.00854890E+03 1.42895619E-02 -2.57318650E+03
1.00848760E+03 7.25318013E-03 -2.57507130E+03
1.00842640E+03 1.22706544E-02 -2.57657000E+03
1.00836520E+03 1.80201312E-02 -2.57903240E+03
1.00830400E+03 1.56358431E-02 -2.58160140E+03
1.00824280E+03 7.31266579E-03 -2.58370710E+03
1.00818160E+03 1.08892902E-02 -2.58491040E+03
1.00812040E+03 1.82298969E-02 -2.58735370E+03
1.00805930E+03 1.73248561E-02 -2.58995620E+03
1.00799810E+03 9.07246328E-03 -2.59227420E+03
1.00793690E+03 9.01664328E-03 -2.59340960E+03
1.00787580E+03 1.68508391E-02 -2.59572730E+03
1.00781460E+03 1.72170160E-02 -2.59831930E+03
1.00775350E+03 9.81468242E-03 -2.60069540E+03
1.00769240E+03 8.26548619E-03 -2.60188650E+03
1.00763130E+03 1.62217977E-02 -2.60412810E+03
1.00757010E+03 1.73517478E-02 -2.60673750E+03
1.00750900E+03 1.01324109E-02 -2.60922210E+03
1.00744790E+03 6.56814814E-03 -2.61030210E+03
1.00738680E+03 1.54430013E-02 -2.61249120E+03
1.00732580E+03 1.80234101E-02 -2.61516340E+03
1.00726470E+03 1.17165144E-02 -2.61783080E+03
1.00720360E+03 3.13104095E-03 -2.61905790E+03
1.00714250E+03 1.25062496E-02 -2.62078700E+03
1.00708150E+03 1.70089394E-02 -2.62349440E+03
1.00702040E+03 1.26600237E-02 -2.62620780E+03
1.00695940E+03 3.25438182E-03 -2.62810240E+03
1.00689840E+03 1.06455559E-02 -2.62919860E+03
1.00683730E+03 1.64802263E-02 -2.63188560E+03
1.00677630E+03 1.38046854E-02 -2.63462370E+03
1.00671530E+03 4.50526170E-03 -2.63700000E+03
1.00665430E+03 8.49016896E-03 -2.63760650E+03
1.00659330E+03 1.55999606E-02 -2.64026230E+03
1.00653230E+03 1.45714334E-02 -2.64301730E+03
1.00647130E+03 6.03460040E-03 -2.64559700E+03
1.00641040E+03 6.66508672E-03 -2.64601740E+03
1.00634940E+03 1.49943676E-02 -2.64864230E+03
1.00628840E+03 1.57588340E-02 -2.65142930E+03
1.00622750E+03 8.56807616E-03 -2.65417860E+03
1.00616650E+03 3.23929344E-03 -2.65454280E+03
1.00610560E+03 1.23292263E-02 -2.65703630E+03
1.00604470E+03 1.48899950E-02 -2.65986490E+03
1.00598380E+03 9.44273589E-03 -2.66273180E+03
1.00592280E+03 1.10653915E-03 -2.66222280E+03
1.00586190E+03 1.10862401E-02 -2.66527840E+03
1.00580100E+03 1.52649972E-02 -2.66815180E+03
1.00574010E+03 1.14370849E-02 -2.67101380E+03
1.00567930E+03 1.70876619E-03 -2.67374990E+03
1.00561840E+03 8.75066032E-03 -2.67366670E+03
1.00555750E+03 1.43378471E-02 -2.67653250E+03
1.00549660E+03 1.22352703E-02 -2.67942760E+03
1.00543580E+03 3.83613099E-03 -2.68247370E+03
1.00537490E+03 6.45752662E-03 -2.68184960E+03
1.00531410E+03 1.27548371E-02 -2.68482310E+03
1.00525330E+03 1.20168744E-02 -2.68776320E+03
1.00519240E+03 4.87762032E-03 -2.69084890E+03
1.00513160E+03 5.26381269E-03 -2.69008300E+03
1.00507080E+03 1.22287501E-02 -2.69317340E+03
1.00501000E+03 1.29848442E-02 -2.69617070E+03
1.00494920E+03 7.41886898E-03 -2.69929460E+03
1.00488840E+03 3.41490454E-03 -2.69787460E+03
1.00482760E+03 1.02166947E-02 -2.69519610E+03
1.00476690E+03 1.26226534E-02 -2.69828850E+03
1.00470610E+03 9.02363425E-03 -2.69516570E+03
1.00464530E+03 3.85489040E-03 -2.69299110E+03
1.00458460E+03 8.88873073E-03 -2.69084900E+03
1.00452380E+03 1.24808806E-02 -2.68774170E+03
1.00446310E+03 1.02333343E-02 -2.69087200E+03
1.00440240E+03 4.25424776E-03 -2.68824410E+03
1.00434160E+03 7.00769070E-03 -2.68656740E+03
1.00428090E+03 1.15065859E-02 -2.68355030E+03
1.00422020E+03 1.06749379E-02 -2.68042400E+03
1.00415950E+03 5.78813545E-03 -2.67764400E+03
1.00409880E+03 6.21296065E-03 -2.67580720E+03
1.00403810E+03 1.06811427E-02 -2.67296740E+03
1.00397750E+03 1.09849638E-02 -2.66987510E+03
1.00391680E+03 6.94717093E-03 -2.66696120E+03
1.00385610E+03 5.08036239E-03 -2.66499370E+03
1.00379550E+03 9.32362842E-03 -2.66239490E+03
1.00373480E+03 1.07262155E-02 -2.65932990E+03
1.00367420E+03 7.56426837E-03 -2.65633360E+03
1.00361350E+03 4.39362356E-03 -2.65421920E+03
1.00355290E+03 8.61077261E-03 -2.65184360E+03
1.00349230E+03 1.12765886E-02 -2.64877040E+03
1.00343170E+03 9.05369035E-03 -2.64564720E+03
1.00337110E+03 3.73097601E-03 -2.64305330E+03
1.00331050E+03 6.34210722E-03 -2.64139850E+03
1.00324990E+03 1.06275962E-02 -2.63839710E+03
1.00318930E+03 1.01958212E-02 -2.63528810E+03
1.00312870E+03 5.87903989E-03 -2.63250300E+03
1.00306810E+03 6.08694004E-03 -2.63062170E+03
1.00300760E+03 1.05135974E-02 -2.62782530E+03
1.00294700E+03 1.09311399E-02 -2.62476360E+03
1.00288650E+03 7.01708893E-03 -2.62192920E+03
1.00282590E+03 6.24417489E-03 -2.61994750E+03
1.00276540E+03 1.08962764E-02 -2.61726140E+03
1.00270490E+03 1.21652567E-02 -2.61421310E+03
1.00264440E+03 8.63966348E-03 -2.61125550E+03
1.00258380E+03 5.20073264E-03 -2.60907090E+03
1.00252330E+03 8.91370125E-03 -2.60674490E+03
1.00246280E+03 1.13086829E-02 -2.60377690E+03
1.00240240E+03 9.21650953E-03 -2.60080190E+03
1.00234190E+03 5.48584050E-03 -2.59835740E+03
1.00228140E+03 7.74715438E-03 -2.59621960E+03
1.00222090E+03 1.10202024E-02 -2.59335940E+03
1.00216050E+03 1.06246186E-02 -2.59039250E+03
1.00210000E+03 7.61201005E-03 -2.58768530E+03
1.00203960E+03 7.47519919E-03 -2.58543080E+03
1.00197910E+03 1.06470263E-02 -2.58277470E+03
1.00191870E+03 1.18390000E-02 -2.57985680E+03
1.00185830E+03 9.99584114E-03 -2.57700190E+03
1.00179790E+03 7.86484990E-03 -2.57447460E+03
1.00173750E+03 9.00084557E-03 -2.57203410E+03
1.00167710E+03 1.06597200E-02 -2.56928150E+03
1.00161670E+03 9.99138739E-03 -2.56646850E+03
1.00155630E+03 8.21007332E-03 -2.56388600E+03
1.00149590E+03 8.97982349E-03 -2.56146500E+03
1.00143550E+03 1.10852451E-02 -2.55875870E+03
1.00137520E+03 1.11401966E-02 -2.55592440E+03
1.00131480E+03 9.27651325E-03 -2.55323090E+03
1.00125440E+03 8.78329101E-03 -2.55078920E+03
1.00119410E+03 1.07115550E-02 -2.54820490E+03
1.00113380E+03 1.19701107E-02 -2.54541020E+03
1.00107340E+03 1.11508237E-02 -2.54260370E+03
1.00101310E+03 9.38720230E-03 -2.53995840E+03
1.00095280E+03 9.23511489E-03 -2.53747340E+03
1.00089250E+03 1.07276349E-02 -2.53485080E+03
1.00083220E+03 1.15508766E-02 -2.53208810E+03
1.00077190E+03 1.11572954E-02 -2.52934210E+03
1.00071160E+03 1.07006495E-02 -2.52667120E+03
1.00065130E+03 1.06952578E-02 -2.52399770E+03
1.00059110E+03 1.02780699E-02 -2.52130510E+03
1.00053080E+03 9.58178026E-03 -2.51870630E+03
1.00047050E+03 1.03387301E-02 -2.51617080E+03
1.00041030E+03 1.22203605E-02 -2.51347630E+03
1.00035010E+03 1.28444003E-02 -2.51065820E+03
1.00028980E+03 1.15258501E-02 -2.50789050E+03
1.00022960E+03 1.02882365E-02 -2.50530600E+03
1.00016940E+03 1.10494158E-02 -2.50274070E+03
1.00010920E+03 1.20109025E-02 -2.50002270E+03
1.00004900E+03 1.15315381E-02 -2.49728530E+03
9.99988750E+02 1.06954719E-02 -2.49467090E+03
9.99928560E+02 1.13811331E-02 -2.49210050E+03
9.99868380E+02 1.28292381E-02 -2.48939480E+03
9.99808200E+02 1.30345951E-02 -2.48659720E+03
9.99748030E+02 1.14833540E-02 -2.48385300E+03
9.99687870E+02 1.00752395E-02 -2.48131240E+03
9.99627720E+02 1.13284774E-02 -2.47880710E+03
9.99567570E+02 1.33984111E-02 -2.47607770E+03
9.99507430E+02 1.35490933E-02 -2.47325740E+03
9.99447300E+02 1.20240131E-02 -2.47053190E+03
9.99387170E+02 1.13633028E-02 -2.46795050E+03
9.99327050E+02 1.20796618E-02 -2.46530940E+03
9.99266940E+02 1.20039839E-02 -2.46259650E+03
9.99206840E+02 1.14209877E-02 -2.45998170E+03
9.99146740E+02 1.25506259E-02 -2.45739710E+03
9.99086650E+02 1.42333924E-02 -2.45465540E+03
9.99026570E+02 1.41530929E-02 -2.45185600E+03
9.98966490E+02 1.28898452E-02 -2.44915840E+03
9.98906420E+02 1.27900672E-02 -2.44656340E+03
9.98846360E+02 1.40224663E-02 -2.44389680E+03
9.98786310E+02 1.47551381E-02 -2.44113550E+03
9.98726260E+02 1.41690381E-02 -2.43837200E+03
9.98666220E+02 1.30528024E-02 -2.43569360E+03
9.98606190E+02 1.30774963E-02 -2.43308060E+03
9.98546170E+02 1.41439832E-02 -2.43037970E+03
9.98486150E+02 1.41065722E-02 -2.42758490E+03
9.98426140E+02 1.23429968E-02 -2.42485090E+03
9.98366130E+02 1.12581881E-02 -2.42229760E+03
9.98306140E+02 1.25833847E-02 -2.41971180E+03
9.98246150E+02 1.40113429E-02 -2.41695810E+03
9.98186170E+02 1.39688736E-02 -2.41416500E+03
9.98126190E+02 1.30372953E-02 -2.41143270E+03
9.98066230E+02 1.24936972E-02 -2.40877880E+03
9.98006270E+02 1.30622682E-02 -2.40612150E+03
9.97946310E+02 1.39190653E-02 -2.40337300E+03
9.97886370E+02 1.35913855E-02 -2.40057590E+03
9.97826430E+02 1.21743649E-02 -2.39785950E+03
9.97766500E+02 1.17995135E-02 -2.39526740E+03
9.97706580E+02 1.31067498E-02 -2.39260350E+03
9.97646660E+02 1.39298492E-02 -2.38981920E+03
9.97586750E+02 1.33391038E-02 -2.38704600E+03
9.97526850E+02 1.25948434E-02 -2.38437020E+03
9.97466950E+02 1.30368808E-02 -2.38172300E+03
9.97407060E+02 1.40266479E-02 -2.37899360E+03
9.97347180E+02 1.41113639E-02 -2.37620420E+03
9.97287310E+02 1.29278916E-02 -2.37345790E+03
9.97227440E+02 1.20211272E-02 -2.37084310E+03
9.97167580E+02 1.30912624E-02 -2.36823520E+03
9.97107730E+02 1.47304009E-02 -2.36548020E+03
9.97047890E+02 1.49615106E-02 -2.36265660E+03
9.96988050E+02 1.38863170E-02 -2.35987950E+03
9.96928220E+02 1.29211578E-02 -2.35718590E+03
9.96868400E+02 1.27575970E-02 -2.35450840E+03
9.96808580E+02 1.27599506E-02 -2.35179820E+03
9.96748770E+02 1.24955856E-02 -2.34909440E+03
9.96688970E+02 1.25675499E-02 -2.34642920E+03
9.96629180E+02 1.35752945E-02 -2.34373920E+03
9.96569390E+02 1.47730071E-02 -2.34095990E+03
9.96509610E+02 1.49429488E-02 -2.33812440E+03
9.96449840E+02 1.37399516E-02 -2.33531130E+03
9.96390070E+02 1.20382088E-02 -2.33260430E+03
9.96330310E+02 1.14997961E-02 -2.33000730E+03
9.96270560E+02 1.24895016E-02 -2.32735920E+03
9.96210820E+02 1.33657297E-02 -2.32460410E+03
9.96151080E+02 1.32861823E-02 -2.32184070E+03
9.96091350E+02 1.31966526E-02 -2.31912410E+03
9.96031630E+02 1.37284850E-02 -2.31637830E+03
9.95971910E+02 1.37065721E-02 -2.31355650E+03
9.95912200E+02 1.21689864E-02 -2.31074270E+03
9.95852500E+02 1.00943058E-02 -2.30807930E+03
9.95792810E+02 9.84721423E-03 -2.30556750E+03
9.95733120E+02 1.15424460E-02 -2.30292940E+03
9.95673440E+02 1.29974898E-02 -2.30013580E+03
9.95613770E+02 1.32692121E-02 -2.29731170E+03
9.95554100E+02 1.28319024E-02 -2.29453230E+03
9.95494440E+02 1.25592241E-02 -2.29180680E+03
9.95434790E+02 1.29551685E-02 -2.28908570E+03
9.95375150E+02 1.36224565E-02 -2.28630030E+03
9.95315510E+02 1.32313703E-02 -2.28345090E+03
9.95255880E+02 1.09974738E-02 -2.28065890E+03
9.95196260E+02 9.00501033E-03 -2.27815590E+03
9.95136640E+02 1.09554553E-02 -2.27570910E+03
9.95077030E+02 1.43203017E-02 -2.27293610E+03
9.95017430E+02 1.59582853E-02 -2.27004500E+03
9.94957840E+02 1.58895953E-02 -2.26718090E+03
9.94898250E+02 1.53457809E-02 -2.26437050E+03
9.94838670E+02 1.48809408E-02 -2.26157830E+03
9.94779100E+02 1.42561110E-02 -2.25878100E+03
9.94719530E+02 1.30924196E-02 -2.25598770E+03
9.94659970E+02 1.12608659E-02 -2.25325700E+03
9.94600420E+02 9.86131807E-03 -2.25070110E+03
9.94540880E+02 1.11563498E-02 -2.24821780E+03
9.94481340E+02 1.46269204E-02 -2.24551210E+03
9.94421810E+02 1.76380314E-02 -2.24262630E+03
9.94362290E+02 1.85739597E-02 -2.23968100E+03
9.94302770E+02 1.73004090E-02 -2.23675940E+03
9.94243260E+02 1.48650920E-02 -2.23392050E+03
9.94183760E+02 1.25366431E-02 -2.23118990E+03
9.94124270E+02 1.10063727E-02 -2.22856610E+03
9.94064780E+02 1.09059690E-02 -2.22602340E+03
9.94005300E+02 1.28314080E-02 -2.22343030E+03
9.93945830E+02 1.60487389E-02 -2.22067470E+03
9.93886360E+02 1.89172665E-02 -2.21778820E+03
9.93826900E+02 2.01004353E-02 -2.21484570E+03
9.93767450E+02 1.93543489E-02 -2.21191170E+03
9.93708010E+02 1.74192833E-02 -2.20901680E+03
9.93648570E+02 1.46775652E-02 -2.20615580E+03
9.93589140E+02 1.08381068E-02 -2.20339080E+03
9.93529720E+02 7.88159958E-03 -2.20102190E+03
9.93470300E+02 1.06294464E-02 -2.19873920E+03
9.93410890E+02 1.57166176E-02 -2.19598440E+03
9.93351490E+02 1.96009454E-02 -2.19307250E+03
9.93292100E+02 2.17790128E-02 -2.19012970E+03
9.93232710E+02 2.22813552E-02 -2.18718210E+03
9.93173330E+02 2.11991401E-02 -2.18424770E+03
9.93113950E+02 1.90706235E-02 -2.18133860E+03
9.93054590E+02 1.61242194E-02 -2.17843800E+03
9.92995230E+02 1.16789721E-02 -2.17556050E+03
9.92935880E+02 6.05247313E-03 -2.17301650E+03
9.92876530E+02 7.16354033E-03 -2.17134220E+03
9.92817190E+02 1.46073054E-02 -2.16864240E+03
9.92757860E+02 2.09416778E-02 -2.16564000E+03
9.92698540E+02 2.44318024E-02 -2.16259380E+03
9.92639220E+02 2.51864402E-02 -2.15956520E+03
9.92579910E+02 2.42691063E-02 -2.15656240E+03
9.92520610E+02 2.22364651E-02 -2.15355830E+03
9.92461310E+02 1.86432387E-02 -2.15053380E+03
9.92402030E+02 1.32201282E-02 -2.14751190E+03
9.92342740E+02 6.56049869E-03 -2.14458900E+03
9.92283470E+02 2.10841637E-03 -2.14337540E+03
9.92224200E+02 8.92596583E-03 -2.14112390E+03
9.92164940E+02 1.62042272E-02 -2.13813120E+03
9.92105690E+02 2.23562204E-02 -2.13506120E+03
9.92046440E+02 2.62871341E-02 -2.13196520E+03
9.91987210E+02 2.72823175E-02 -2.12886450E+03
9.91927970E+02 2.53280270E-02 -2.12577510E+03
9.91868750E+02 2.10209251E-02 -2.12270750E+03
9.91809530E+02 1.50964658E-02 -2.11967140E+03
9.91750320E+02 8.17102050E-03 -2.11671740E+03
9.91691120E+02 2.01282282E-03 -2.11481790E+03
9.91631920E+02 7.62299928E-03 -2.11323110E+03
9.91572730E+02 1.49723215E-02 -2.11030070E+03
9.91513550E+02 2.17790574E-02 -2.10726420E+03
9.91454370E+02 2.70645783E-02 -2.10418680E+03
9.91395210E+02 2.99110602E-02 -2.10109590E+03
9.91336050E+02 3.01973151E-02 -2.09800900E+03
9.91276890E+02 2.84278299E-02 -2.09492060E+03
9.91217740E+02 2.47489101E-02 -2.09179940E+03
9.91158600E+02 1.87813873E-02 -2.09488100E+03
9.91099470E+02 1.09083890E-02 -2.09775060E+03
9.91040350E+02 6.37306983E-03 -2.09970370E+03
9.90981230E+02 1.32291099E-02 -2.10198040E+03
9.90922120E+02 2.16778251E-02 -2.10494860E+03
9.90863010E+02 2.89190959E-02 -2.10806590E+03
9.90803910E+02 3.47592750E-02 -2.10494750E+03
9.90744820E+02 3.89311906E-02 -2.10183480E+03
9.90685740E+02 4.06473861E-02 -2.09870940E+03
9.90626660E+02 3.91936245E-02 -2.09556980E+03
9.90567590E+02 3.46059894E-02 -2.09870330E+03
9.90508530E+02 2.76533240E-02 -2.10182250E+03
9.90449480E+02 1.94026269E-02 -2.10489800E+03
9.90390430E+02 1.11768153E-02 -2.10780590E+03
9.90331390E+02 6.69585200E-03 -2.11004890E+03
9.90272350E+02 1.12392202E-02 -2.11238090E+03
9.90213330E+02 1.83851951E-02 -2.11534430E+03
9.90154310E+02 2.51827294E-02 -2.11846300E+03
9.90095290E+02 3.06660914E-02 -2.11534350E+03
9.90036290E+02 3.41027125E-02 -2.11224720E+03
9.89977290E+02 3.51671338E-02 -2.10917390E+03
9.89918300E+02 3.40408431E-02 -2.10612860E+03
9.89859310E+02 3.12812666E-02 -2.10311710E+03
9.89800330E+02 2.76291656E-02 -2.10014410E+03
9.89741360E+02 2.36864734E-02 -2.09720950E+03
9.89682400E+02 1.97374808E-02 -2.09431730E+03
9.89623440E+02 1.61316183E-02 -2.09148700E+03
9.89564490E+02 1.34209504E-02 -2.08872780E+03
9.89505550E+02 1.16471954E-02 -2.08601200E+03
9.89446610E+02 1.04821920E-02 -2.08333390E+03
9.89387680E+02 1.01519033E-02 -2.08069030E+03
9.89328760E+02 1.05548539E-02 -2.07800670E+03
9.89269850E+02 1.07307502E-02 -2.07528590E+03
9.89210940E+02 1.07224396E-02 -2.07264440E+03
9.89152040E+02 1.25342567E-02 -2.07008010E+03
9.89093150E+02 1.73360644E-02 -2.06737540E+03
9.89034260E+02 2.38619783E-02 -2.06448900E+03
9.88975380E+02 3.05983027E-02 -2.06149420E+03
9.88916510E+02 3.63604882E-02 -2.05843730E+03
9.88857640E+02 4.01521718E-02 -2.05534370E+03
9.88798780E+02 4.14249309E-02 -2.05223010E+03
9.88739930E+02 4.02586488E-02 -2.04910360E+03
9.88681090E+02 3.69489350E-02 -2.05223990E+03
9.88622250E+02 3.15760851E-02 -2.05533720E+03
9.88563420E+02 2.43723339E-02 -2.05836670E+03
9.88504600E+02 1.65123729E-02 -2.06124960E+03
9.88445780E+02 1.12193449E-02 -2.06376150E+03
9.88386970E+02 1.33804959E-02 -2.06610460E+03
9.88328170E+02 2.00165509E-02 -2.06886550E+03
9.88269370E+02 2.66232237E-02 -2.07183720E+03
9.88210580E+02 3.14163411E-02 -2.07488420E+03
9.88151800E+02 3.37539716E-02 -2.07796600E+03
9.88093030E+02 3.35774076E-02 -2.08106440E+03
9.88034260E+02 3.09380953E-02 -2.08416440E+03
9.87975500E+02 2.57887704E-02 -2.08725190E+03
9.87916740E+02 1.82010654E-02 -2.09031050E+03
9.87858000E+02 8.74187034E-03 -2.09327150E+03
9.87799260E+02 2.91655994E-03 -2.09423240E+03
9.87740530E+02 1.25799726E-02 -2.09670250E+03
9.87681800E+02 2.15521973E-02 -2.09972780E+03
9.87623080E+02 2.85051551E-02 -2.10280330E+03
9.87564370E+02 3.29444836E-02 -2.10589380E+03
9.87505660E+02 3.47118885E-02 -2.10898770E+03
9.87446970E+02 3.39428711E-02 -2.11207490E+03
9.87388280E+02 3.08890393E-02 -2.11514110E+03
9.87329590E+02 2.57691203E-02 -2.11816360E+03
9.87270920E+02 1.90045868E-02 -2.12109720E+03
9.87212250E+02 1.20337754E-02 -2.12379610E+03
9.87153580E+02 9.54283595E-03 -2.12598470E+03
9.87094930E+02 1.46061343E-02 -2.12840380E+03
9.87036280E+02 2.15425641E-02 -2.13124790E+03
9.86977640E+02 2.73102135E-02 -2.13422950E+03
9.86919000E+02 3.05168362E-02 -2.13726060E+03
9.86860370E+02 3.05374991E-02 -2.14031950E+03
9.86801750E+02 2.75872797E-02 -2.14339740E+03
9.86743140E+02 2.23317935E-02 -2.14647990E+03
9.86684530E+02 1.54425455E-02 -2.14953730E+03
9.86625930E+02 7.69291889E-03 -2.15246070E+03
9.86567340E+02 3.13436622E-03 -2.15396830E+03
9.86508750E+02 9.94675108E-03 -2.15622940E+03
9.86450170E+02 1.73474987E-02 -2.15921390E+03
9.86391600E+02 2.36382994E-02 -2.16226940E+03
9.86333030E+02 2.81010053E-02 -2.16534150E+03
9.86274480E+02 3.02379116E-02 -2.16841950E+03
9.86215920E+02 2.97591675E-02 -2.17149810E+03
9.86157380E+02 2.65290051E-02 -2.17457500E+03
9.86098840E+02 2.07697643E-02 -2.17765550E+03
9.86040310E+02 1.32419719E-02 -2.18074970E+03
9.85981790E+02 4.90970661E-03 -2.18386160E+03
9.85923270E+02 3.55603768E-03 -2.18383830E+03
9.85864760E+02 1.16274490E-02 -2.18695160E+03
9.85806260E+02 1.84452975E-02 -2.19005590E+03
9.85747760E+02 2.30536661E-02 -2.19316360E+03
9.85689270E+02 2.50802354E-02 -2.19628740E+03
9.85630790E+02 2.47781565E-02 -2.19942770E+03
9.85572320E+02 2.24323788E-02 -2.19629240E+03
9.85513850E+02 1.81853785E-02 -2.19316360E+03
9.85455390E+02 1.24578437E-02 -2.19006660E+03
9.85396930E+02 6.13160998E-03 -2.18711400E+03
9.85338490E+02 2.42876308E-03 -2.18554230E+03
9.85280050E+02 7.42474101E-03 -2.18329950E+03
9.85221610E+02 1.28024962E-02 -2.18029790E+03
9.85163190E+02 1.72840996E-02 -2.17720280E+03
9.85104770E+02 2.02969276E-02 -2.17407330E+03
9.85046350E+02 2.13012638E-02 -2.17721460E+03
9.84987950E+02 2.01242645E-02 -2.17408170E+03
9.84929550E+02 1.71599001E-02 -2.17097900E+03
9.84871160E+02 1.30236193E-02 -2.16792650E+03
9.84812770E+02 8.20962472E-03 -2.16499430E+03
9.84754390E+02 4.29499511E-03 -2.16261550E+03
9.84696020E+02 6.28788239E-03 -2.16060380E+03
9.84637660E+02 1.07758995E-02 -2.15780600E+03
9.84579300E+02 1.49440182E-02 -2.15481190E+03
9.84520950E+02 1.84524253E-02 -2.15174390E+03
9.84462610E+02 2.05180360E-02 -2.14861810E+03
9.84404270E+02 2.01207053E-02 -2.15174840E+03
9.84345940E+02 1.71116154E-02 -2.14862000E+03
9.84287620E+02 1.25341569E-02 -2.14558900E+03
9.84229300E+02 8.09017837E-03 -2.14278830E+03
9.84170990E+02 6.06667965E-03 -2.14041120E+03
9.84112690E+02 7.94128189E-03 -2.13800240E+03
9.84054400E+02 1.14267441E-02 -2.13522370E+03
9.83996110E+02 1.49451758E-02 -2.13228040E+03
9.83937830E+02 1.79705707E-02 -2.12926450E+03
9.83879550E+02 2.00082973E-02 -2.12620360E+03
9.83821280E+02 2.04684814E-02 -2.12311800E+03
9.83763020E+02 1.90505412E-02 -2.12003300E+03
9.83704770E+02 1.59272487E-02 -2.11697940E+03
9.83646520E+02 1.16595386E-02 -2.11401590E+03
9.83588280E+02 7.56125254E-03 -2.11131920E+03
9.83530050E+02 6.78496013E-03 -2.10903820E+03
9.83471820E+02 9.78529632E-03 -2.10647220E+03
9.83413610E+02 1.32900726E-02 -2.10359520E+03
9.83355390E+02 1.60597011E-02 -2.10060780E+03
9.83297190E+02 1.75852401E-02 -2.09757310E+03
9.83238990E+02 1.75597517E-02 -2.09452630E+03
9.83180800E+02 1.61574602E-02 -2.09149960E+03
9.83122610E+02 1.39270901E-02 -2.08851620E+03
9.83064430E+02 1.13468211E-02 -2.08559490E+03
9.83006260E+02 8.77714338E-03 -2.08278280E+03
9.82948100E+02 7.03638942E-03 -2.08017970E+03
9.82889940E+02 7.61255338E-03 -2.07769520E+03
9.82831790E+02 1.02589809E-02 -2.07497890E+03
9.82773650E+02 1.31808547E-02 -2.07205130E+03
9.82715510E+02 1.53137680E-02 -2.06903700E+03
9.82657380E+02 1.64043229E-02 -2.06599440E+03
9.82599260E+02 1.64463491E-02 -2.06294100E+03
9.82541140E+02 1.53633183E-02 -2.05989050E+03
9.82483030E+02 1.32492826E-02 -2.05687300E+03
9.82424930E+02 1.05505275E-02 -2.05393510E+03
9.82366840E+02 7.92313271E-03 -2.05115180E+03
9.82308750E+02 6.46435256E-03 -2.04862450E+03
9.82250670E+02 7.47602448E-03 -2.04616850E+03
9.82192590E+02 1.03642313E-02 -2.04346830E+03
9.82134520E+02 1.38825243E-02 -2.04057200E+03
9.82076460E+02 1.70389025E-02 -2.03756030E+03
9.82018410E+02 1.88134646E-02 -2.03448690E+03
9.81960360E+02 1.86953636E-02 -2.03139950E+03
9.81902320E+02 1.70111893E-02 -2.02833300E+03
9.81844290E+02 1.43731402E-02 -2.02530530E+03
9.81786260E+02 1.11604906E-02 -2.02234780E+03
9.81728240E+02 8.03990466E-03 -2.01956820E+03
9.81670230E+02 6.73454453E-03 -2.01707780E+03
9.81612220E+02 8.14318077E-03 -2.01455230E+03
9.81554220E+02 1.07820620E-02 -2.01179260E+03
9.81496230E+02 1.36856582E-02 -2.00889500E+03
9.81438250E+02 1.62717107E-02 -2.00591300E+03
9.81380270E+02 1.78288286E-02 -2.00287670E+03
9.81322300E+02 1.77373924E-02 -1.99981420E+03
9.81264330E+02 1.57727683E-02 -1.99676040E+03
9.81206370E+02 1.24036624E-02 -1.99377690E+03
9.81148420E+02 9.03131989E-03 -1.99097650E+03
9.81090480E+02 7.61363520E-03 -1.98840100E+03
9.81032540E+02 8.22736039E-03 -1.98577950E+03
9.80974610E+02 9.38923607E-03 -1.98303640E+03
9.80916680E+02 1.10762778E-02 -1.98023500E+03
9.80858770E+02 1.33202830E-02 -1.97733750E+03
9.80800860E+02 1.51043103E-02 -1.97435880E+03
9.80742950E+02 1.58637262E-02 -1.97137160E+03
9.80685060E+02 1.62007457E-02 -1.96840460E+03
9.80627170E+02 1.64059517E-02 -1.96541190E+03
9.80569280E+02 1.54958546E-02 -1.96236590E+03
9.80511410E+02 1.26857873E-02 -1.95931600E+03
9.80453540E+02 8.54860550E-03 -1.95638290E+03
9.80395680E+02 5.13272208E-03 -1.95388570E+03
9.80337820E+02 6.18040783E-03 -1.95172180E+03
9.80279970E+02 9.85754371E-03 -1.94897010E+03
9.80222130E+02 1.29853244E-02 -1.94597070E+03
9.80164290E+02 1.47054602E-02 -1.94292230E+03
9.80106470E+02 1.53282148E-02 -1.93988440E+03
9.80048650E+02 1.53984765E-02 -1.93684650E+03
9.79990830E+02 1.46934952E-02 -1.93377860E+03
9.79933020E+02 1.26146003E-02 -1.93069380E+03
9.79875220E+02 9.23121763E-03 -1.92765990E+03
9.79817430E+02 5.51719983E-03 -1.92483970E+03
9.79759640E+02 3.63165761E-03 -1.92264510E+03
9.79701860E+02 5.72194373E-03 -1.92037000E+03
9.79644090E+02 9.10350685E-03 -1.91754120E+03
9.79586320E+02 1.21676107E-02 -1.91453940E+03
9.79528560E+02 1.43077682E-02 -1.91148910E+03
9.79470810E+02 1.53948361E-02 -1.90843220E+03
9.79413060E+02 1.54938165E-02 -1.90537820E+03
9.79355320E+02 1.46018417E-02 -1.90233030E+03
9.79297590E+02 1.27630075E-02 -1.89930320E+03
9.79239860E+02 1.02536735E-02 -1.89632870E+03
9.79182140E+02 7.55909254E-03 -1.89346670E+03
9.79124430E+02 5.39648710E-03 -1.89084220E+03
9.79066720E+02 5.14049638E-03 -1.88851560E+03
9.79009020E+02 7.58759441E-03 -1.88598880E+03
9.78951330E+02 1.12506738E-02 -1.88312000E+03
9.78893650E+02 1.44631518E-02 -1.88009850E+03
9.78835970E+02 1.62827295E-02 -1.87704120E+03
9.78778300E+02 1.68703477E-02 -1.87399840E+03
9.78720630E+02 1.67717110E-02 -1.87095720E+03
9.78662970E+02 1.57478681E-02 -1.86788430E+03
9.78605320E+02 1.32596086E-02 -1.86478860E+03
9.78547680E+02 9.57786015E-03 -1.86171530E+03
9.78490040E+02 5.42049352E-03 -1.85871500E+03
9.78432410E+02 1.20642426E-03 -1.85641530E+03
9.78374790E+02 4.89409093E-03 -1.85521940E+03
9.78317170E+02 1.06700000E-02 -1.85213190E+03
9.78259560E+02 1.56085819E-02 -1.85522590E+03
9.78201950E+02 1.85320539E-02 -1.85831500E+03
9.78144360E+02 1.91586229E-02 -1.86143860E+03
9.78086770E+02 1.81006086E-02 -1.85833200E+03
9.78029180E+02 1.61764965E-02 -1.85527340E+03
9.77971610E+02 1.37356740E-02 -1.85224350E+03
9.77914040E+02 1.07549844E-02 -1.84923540E+03
9.77856470E+02 7.21645446E-03 -1.84627110E+03
9.77798920E+02 3.19944542E-03 -1.84355720E+03
9.77741370E+02 3.25392025E-03 -1.84234370E+03
9.77683830E+02 8.56203644E-03 -1.83958220E+03
9.77626290E+02 1.35993305E-02 -1.83650070E+03
9.77568760E+02 1.73015534E-02 -1.83338090E+03
9.77511240E+02 1.95020630E-02 -1.83026360E+03
9.77453720E+02 2.02843040E-02 -1.82714450E+03
9.77396210E+02 1.94627937E-02 -1.82401560E+03
9.77338710E+02 1.69128877E-02 -1.82088590E+03
9.77281220E+02 1.30114638E-02 -1.81777470E+03
9.77223730E+02 8.37984308E-03 -1.81469990E+03
9.77166250E+02 3.40921927E-03 -1.81172950E+03
9.77108770E+02 2.05283599E-03 -1.81121120E+03
