  wavelength    amplitude        phase
1.09216050E+03 1.35376590E-02 -4.19858930E-01
1.09210660E+03 1.22926000E-02 -1.88934150E+00
1.09205280E+03 1.09568160E-02 -3.44416770E+00
1.09199890E+03 1.04814500E-02 -5.08137730E+00
1.09194510E+03 1.12391190E-02 -6.69870220E+00
1.09189130E+03 1.25120600E-02 -8.22133460E+00
1.09183750E+03 1.33585200E-02 -9.67164920E+00
1.09178360E+03 1.32560030E-02 -1.11011520E+01
1.09172980E+03 1.21920920E-02 -1.25645480E+01
1.09167600E+03 1.07411910E-02 -1.41251770E+01
1.09162220E+03 1.01031730E-02 -1.58115030E+01
1.09156840E+03 1.11953040E-02 -1.75011680E+01
1.09151460E+03 1.33571930E-02 -1.90616830E+01
1.09146080E+03 1.52961600E-02 -2.05138650E+01
1.09140710E+03 1.62026380E-02 -2.19186840E+01
1.09135330E+03 1.58538730E-02 -2.33225220E+01
1.09129950E+03 1.44802510E-02 -2.47628960E+01
1.09124580E+03 1.26607180E-02 -2.62783080E+01
1.09119200E+03 1.12757900E-02 -2.78981210E+01
1.09113820E+03 1.12282440E-02 -2.95801300E+01
1.09108450E+03 1.25954570E-02 -3.12008250E+01
1.09103070E+03 1.44473700E-02 -3.27035390E+01
1.09097700E+03 1.57008520E-02 -3.41187960E+01
1.09092330E+03 1.56308260E-02 -3.54962430E+01
1.09086950E+03 1.40512320E-02 -3.68911270E+01
1.09081580E+03 1.15158190E-02 -3.83838150E+01
1.09076210E+03 9.60795010E-03 -4.00734360E+01
1.09070840E+03 1.02200510E-02 -4.18531600E+01
1.09065470E+03 1.27412810E-02 -4.34514040E+01
1.09060100E+03 1.51704460E-02 -4.48848140E+01
1.09054730E+03 1.63243200E-02 -4.62473850E+01
1.09049360E+03 1.57589410E-02 -4.75996690E+01
1.09043990E+03 1.35750220E-02 -4.89995730E+01
1.09038620E+03 1.06528360E-02 -5.05501120E+01
1.09033260E+03 9.31079990E-03 -5.23591450E+01
1.09027890E+03 1.14686180E-02 -5.41331750E+01
1.09022520E+03 1.49966820E-02 -5.56338710E+01
1.09017160E+03 1.73934580E-02 -5.69896220E+01
1.09011790E+03 1.75112490E-02 -5.83057020E+01
1.09006430E+03 1.52520710E-02 -5.96552340E+01
1.09001060E+03 1.15517700E-02 -6.11446430E+01
1.08995700E+03 8.94544530E-03 -6.29536460E+01
1.08990340E+03 1.05679610E-02 -6.48578960E+01
1.08984970E+03 1.45320820E-02 -6.64355710E+01
1.08979610E+03 1.78006660E-02 -6.78273650E+01
1.08974250E+03 1.90504470E-02 -6.91589980E+01
1.08968890E+03 1.79664620E-02 -7.04930460E+01
1.08963530E+03 1.50110890E-02 -7.18872360E+01
1.08958170E+03 1.14592190E-02 -7.34349170E+01
1.08952810E+03 9.55334910E-03 -7.52280390E+01
1.08947450E+03 1.08979280E-02 -7.70353640E+01
1.08942090E+03 1.38538280E-02 -7.86107930E+01
1.08936730E+03 1.64257290E-02 -8.00343590E+01
1.08931380E+03 1.75985390E-02 -8.13921810E+01
1.08926020E+03 1.68885810E-02 -8.27356250E+01
1.08920660E+03 1.43024770E-02 -8.41221550E+01
1.08915310E+03 1.07532920E-02 -8.56716370E+01
1.08909950E+03 9.08458110E-03 -8.75458890E+01
1.08904600E+03 1.18276790E-02 -8.93643990E+01
1.08899240E+03 1.60843040E-02 -9.08499830E+01
1.08893890E+03 1.89312920E-02 -9.21828370E+01
1.08888530E+03 1.91058830E-02 -9.34733450E+01
1.08883180E+03 1.64518150E-02 -9.47901100E+01
1.08877830E+03 1.19034080E-02 -9.62404200E+01
1.08872480E+03 8.29031550E-03 -9.80800900E+01
1.08867130E+03 1.00747380E-02 -1.00097120E+02
1.08861780E+03 1.47880290E-02 -1.01670690E+02
1.08856430E+03 1.86019710E-02 -1.03030430E+02
1.08851080E+03 2.00620540E-02 -1.04322390E+02
1.08845730E+03 1.86488350E-02 -1.05603820E+02
1.08840380E+03 1.45072180E-02 -1.06933040E+02
1.08835030E+03 8.87046950E-03 -1.08494790E+02
1.08829680E+03 7.02716300E-03 -1.10767390E+02
1.08824340E+03 1.27016290E-02 -1.12610450E+02
1.08818990E+03 1.89629320E-02 -1.13972950E+02
1.08813640E+03 2.28724420E-02 -1.15213790E+02
1.08808300E+03 2.32941840E-02 -1.16417110E+02
1.08802950E+03 1.99244400E-02 -1.17617650E+02
1.08797610E+03 1.32511440E-02 -1.18865770E+02
1.08792270E+03 5.02007910E-03 -1.20514100E+02
1.08786920E+03 7.21698670E-03 -1.23529240E+02
1.08781580E+03 1.56658050E-02 -1.24949380E+02
1.08776240E+03 2.19003910E-02 -1.26156830E+02
1.08770900E+03 2.44608780E-02 -1.27323960E+02
1.08765560E+03 2.28261580E-02 -1.28481570E+02
1.08760220E+03 1.72483080E-02 -1.29647600E+02
1.08754870E+03 8.68024590E-03 -1.30879230E+02
1.08749540E+03 2.39746630E-03 -1.27943920E+02
1.08744200E+03 1.21674330E-02 -1.29685380E+02
1.08738860E+03 2.07319360E-02 -1.30872990E+02
1.08733520E+03 2.61903270E-02 -1.32020380E+02
1.08728180E+03 2.75036990E-02 -1.33152740E+02
1.08722850E+03 2.42682790E-02 -1.34271900E+02
1.08717510E+03 1.68246750E-02 -1.35366240E+02
1.08712170E+03 6.34882220E-03 -1.36326230E+02
1.08706840E+03 6.08340810E-03 -1.34820460E+02
1.08701500E+03 1.72700580E-02 -1.35756970E+02
1.08696170E+03 2.58232590E-02 -1.36830230E+02
1.08690830E+03 3.00432930E-02 -1.37917470E+02
1.08685500E+03 2.91135860E-02 -1.39000630E+02
1.08680170E+03 2.31873620E-02 -1.40061370E+02
1.08674840E+03 1.34261860E-02 -1.41030260E+02
1.08669500E+03 4.09869390E-03 -1.40976500E+02
1.08664170E+03 1.27874240E-02 -1.40718440E+02
1.08658840E+03 2.31223280E-02 -1.41660620E+02
1.08653510E+03 2.99329230E-02 -1.42696940E+02
1.08648180E+03 3.18684210E-02 -1.43744320E+02
1.08642850E+03 2.85644690E-02 -1.44773340E+02
1.08637530E+03 2.06997530E-02 -1.45734790E+02
1.08632200E+03 1.06433750E-02 -1.46387740E+02
1.08626870E+03 9.62482040E-03 -1.46021060E+02
1.08621540E+03 2.01227390E-02 -1.46567040E+02
1.08616220E+03 2.95489760E-02 -1.47500360E+02
1.08610890E+03 3.48094380E-02 -1.48505770E+02
1.08605570E+03 3.47524900E-02 -1.49521400E+02
1.08600240E+03 2.93750420E-02 -1.50509020E+02
1.08594920E+03 2.00040310E-02 -1.51383230E+02
1.08589590E+03 1.11216360E-02 -1.51767700E+02
1.08584270E+03 1.48308710E-02 -1.51723260E+02
1.08578950E+03 2.51962270E-02 -1.52435070E+02
1.08573620E+03 3.33127040E-02 -1.53386090E+02
1.08568300E+03 3.67093680E-02 -1.54395990E+02
1.08562980E+03 3.46166380E-02 -1.55411660E+02
1.08557660E+03 2.74204100E-02 -1.56387880E+02
1.08552340E+03 1.69364530E-02 -1.57196550E+02
1.08547020E+03 1.00427040E-02 -1.57273680E+02
1.08541700E+03 1.78817300E-02 -1.57427360E+02
1.08536380E+03 2.84522080E-02 -1.58258750E+02
1.08531060E+03 3.54902320E-02 -1.59240000E+02
1.08525750E+03 3.72247100E-02 -1.60257570E+02
1.08520430E+03 3.33546170E-02 -1.61269150E+02
1.08515110E+03 2.47986440E-02 -1.62220560E+02
1.08509800E+03 1.42246410E-02 -1.62914560E+02
1.08504480E+03 1.12689160E-02 -1.62825580E+02
1.08499170E+03 2.08009220E-02 -1.63267440E+02
1.08493850E+03 3.04735930E-02 -1.64169320E+02
1.08488540E+03 3.61203200E-02 -1.65176140E+02
1.08483220E+03 3.63596320E-02 -1.66209310E+02
1.08477910E+03 3.10628910E-02 -1.67232220E+02
1.08472600E+03 2.13082590E-02 -1.68183790E+02
1.08467290E+03 1.02972550E-02 -1.68754000E+02
1.08461980E+03 1.12459070E-02 -1.68415960E+02
1.08456660E+03 2.18537660E-02 -1.69083830E+02
1.08451350E+03 3.02198920E-02 -1.70066750E+02
1.08446040E+03 3.39285340E-02 -1.71120120E+02
1.08440740E+03 3.24456250E-02 -1.72194050E+02
1.08435430E+03 2.62669610E-02 -1.73260860E+02
1.08430120E+03 1.66715710E-02 -1.74263430E+02
1.08424810E+03 6.38732660E-03 -1.74790250E+02
1.08419500E+03 9.61060590E-03 -1.74212360E+02
1.08414200E+03 1.95116280E-02 -1.75039420E+02
1.08408890E+03 2.68005130E-02 -1.76074510E+02
1.08403590E+03 2.98648450E-02 -1.77149830E+02
1.08398280E+03 2.82156570E-02 -1.78235210E+02
1.08392980E+03 2.22984980E-02 -1.79315340E+02
1.08387670E+03 1.33572530E-02 -1.80351250E+02
1.08382370E+03 3.68878470E-03 -1.80870690E+02
1.08377060E+03 8.29920130E-03 -1.80003100E+02
1.08371760E+03 1.69285890E-02 -1.80976390E+02
1.08366460E+03 2.30997790E-02 -1.82077620E+02
1.08361160E+03 2.59076510E-02 -1.83204580E+02
1.08355860E+03 2.49208220E-02 -1.84337290E+02
1.08350560E+03 2.02066800E-02 -1.85467500E+02
1.08345260E+03 1.24227940E-02 -1.86585100E+02
1.08339960E+03 2.81267370E-03 -1.87562420E+02
1.08334660E+03 7.23231290E-03 -1.85837950E+02
1.08329360E+03 1.58928030E-02 -1.86931950E+02
1.08324060E+03 2.19240530E-02 -1.88061330E+02
1.08318770E+03 2.44471180E-02 -1.89200470E+02
1.08313470E+03 2.31718430E-02 -1.90345200E+02
1.08308170E+03 1.83901270E-02 -1.91492530E+02
1.08302880E+03 1.08857070E-02 -1.92633600E+02
1.08297580E+03 1.81997870E-03 -1.93598250E+02
1.08292290E+03 7.63986700E-03 -1.91906670E+02
1.08286990E+03 1.59787550E-02 -1.93036620E+02
1.08281700E+03 2.20236420E-02 -1.94183860E+02
1.08276410E+03 2.47835000E-02 -1.95329610E+02
1.08271110E+03 2.37086800E-02 -1.96468800E+02
1.08265820E+03 1.88414810E-02 -1.97595380E+02
1.08260530E+03 1.08749340E-02 -1.98684250E+02
1.08255240E+03 1.55966860E-03 -1.98985540E+02
1.08249950E+03 9.41226360E-03 -1.98065800E+02
1.08244660E+03 1.83002800E-02 -1.99131970E+02
1.08239370E+03 2.44829250E-02 -2.00244060E+02
1.08234080E+03 2.69361200E-02 -2.01365650E+02
1.08228790E+03 2.52569080E-02 -2.02488860E+02
1.08223500E+03 1.97203820E-02 -2.03606550E+02
1.08218210E+03 1.12429540E-02 -2.04691850E+02
1.08212930E+03 1.72355670E-03 -2.05034570E+02
1.08207640E+03 9.19670750E-03 -2.04110340E+02
1.08202350E+03 1.77504340E-02 -2.05184790E+02
1.08197070E+03 2.35228570E-02 -2.06311770E+02
1.08191780E+03 2.56273440E-02 -2.07448850E+02
1.08186500E+03 2.37364070E-02 -2.08585770E+02
1.08181220E+03 1.81201910E-02 -2.09714930E+02
1.08175930E+03 9.64186760E-03 -2.10812930E+02
1.08170650E+03 9.44939520E-04 -2.09997990E+02
1.08165370E+03 1.04168980E-02 -2.10114160E+02
1.08160090E+03 1.86835830E-02 -2.11215300E+02
1.08154800E+03 2.40090830E-02 -2.12343360E+02
1.08149520E+03 2.56456020E-02 -2.13480010E+02
1.08144240E+03 2.34675840E-02 -2.14619970E+02
1.08138960E+03 1.79076760E-02 -2.15756290E+02
1.08133680E+03 9.82975060E-03 -2.16863240E+02
1.08128410E+03 1.01906450E-03 -2.16830790E+02
1.08123130E+03 9.32140300E-03 -2.16226050E+02
1.08117850E+03 1.75219670E-02 -2.17319850E+02
1.08112570E+03 2.31035110E-02 -2.18443030E+02
1.08107300E+03 2.50928720E-02 -2.19569290E+02
1.08102020E+03 2.31138880E-02 -2.20693270E+02
1.08096740E+03 1.75134720E-02 -2.21809460E+02
1.08091470E+03 9.31444810E-03 -2.22888420E+02
1.08086190E+03 1.16180270E-03 -2.22423420E+02
1.08080920E+03 9.35765560E-03 -2.22283630E+02
1.08075650E+03 1.67567250E-02 -2.23381530E+02
1.08070370E+03 2.14927920E-02 -2.24520380E+02
1.08065100E+03 2.29181420E-02 -2.25669220E+02
1.08059830E+03 2.08111210E-02 -2.26820150E+02
1.08054560E+03 1.54136410E-02 -2.27969840E+02
1.08049290E+03 7.45496580E-03 -2.29114830E+02
1.08044020E+03 1.91316160E-03 -2.27165420E+02
1.08038750E+03 1.12723290E-02 -2.28284030E+02
1.08033480E+03 1.91639560E-02 -2.29427310E+02
1.08028210E+03 2.42840090E-02 -2.30568680E+02
1.08022940E+03 2.56754920E-02 -2.31703770E+02
1.08017670E+03 2.29171500E-02 -2.32826460E+02
1.08012400E+03 1.63016350E-02 -2.33919790E+02
1.08007140E+03 6.99286530E-03 -2.34867840E+02
1.08001870E+03 4.61217180E-03 -2.33662810E+02
1.07996600E+03 1.42495660E-02 -2.34454620E+02
1.07991340E+03 2.17960890E-02 -2.35531830E+02
1.07986070E+03 2.58063100E-02 -2.36647110E+02
1.07980810E+03 2.57830370E-02 -2.37774950E+02
1.07975550E+03 2.18946980E-02 -2.38904560E+02
1.07970280E+03 1.48192530E-02 -2.40019820E+02
1.07965020E+03 5.65550340E-03 -2.41023930E+02
1.07959760E+03 4.75040770E-03 -2.39512900E+02
1.07954500E+03 1.41107920E-02 -2.40470700E+02
1.07949230E+03 2.15003560E-02 -2.41570560E+02
1.07943970E+03 2.56697280E-02 -2.42684950E+02
1.07938710E+03 2.59298260E-02 -2.43798330E+02
1.07933450E+03 2.22144140E-02 -2.44900150E+02
1.07928190E+03 1.51108320E-02 -2.45962410E+02
1.07922940E+03 6.02958410E-03 -2.46778240E+02
1.07917680E+03 5.90005410E-03 -2.45785990E+02
1.07912420E+03 1.49855840E-02 -2.46591160E+02
1.07907160E+03 2.20249170E-02 -2.47653170E+02
1.07901910E+03 2.54767870E-02 -2.48757170E+02
1.07896650E+03 2.47350260E-02 -2.49875190E+02
1.07891390E+03 1.99853690E-02 -2.50996160E+02
1.07886140E+03 1.21172230E-02 -2.52099780E+02
1.07880880E+03 2.64178970E-03 -2.52898640E+02
1.07875630E+03 7.62493790E-03 -2.51495010E+02
1.07870380E+03 1.62985270E-02 -2.52565160E+02
1.07865120E+03 2.25505720E-02 -2.53691100E+02
1.07859870E+03 2.54453380E-02 -2.54821420E+02
1.07854620E+03 2.44997690E-02 -2.55942460E+02
1.07849370E+03 1.97725180E-02 -2.57039040E+02
1.07844120E+03 1.19798850E-02 -2.58059220E+02
1.07838870E+03 3.52195780E-03 -2.58354830E+02
1.07833620E+03 9.22744630E-03 -2.57767840E+02
1.07828370E+03 1.79185420E-02 -2.58713990E+02
1.07823120E+03 2.39594870E-02 -2.59782610E+02
1.07817870E+03 2.62171170E-02 -2.60878680E+02
1.07812620E+03 2.43683200E-02 -2.61980960E+02
1.07807370E+03 1.88031030E-02 -2.63070120E+02
1.07802130E+03 1.05391160E-02 -2.64076550E+02
1.07796880E+03 3.03305230E-03 -2.63956690E+02
1.07791630E+03 1.05865470E-02 -2.63804270E+02
1.07786390E+03 1.92796500E-02 -2.64815180E+02
1.07781140E+03 2.54946660E-02 -2.65915420E+02
1.07775900E+03 2.81015380E-02 -2.67034790E+02
1.07770660E+03 2.65465160E-02 -2.68156150E+02
1.07765410E+03 2.09312700E-02 -2.69267410E+02
1.07760170E+03 1.20564870E-02 -2.70332810E+02
1.07754930E+03 2.13224600E-03 -2.70542440E+02
1.07749690E+03 1.03293290E-02 -2.69792550E+02
1.07744440E+03 1.98822870E-02 -2.70831080E+02
1.07739200E+03 2.63803080E-02 -2.71929410E+02
1.07733960E+03 2.86721520E-02 -2.73037290E+02
1.07728720E+03 2.63476160E-02 -2.74141730E+02
1.07723480E+03 1.98145290E-02 -2.75226600E+02
1.07718250E+03 1.03017650E-02 -2.76216280E+02
1.07713010E+03 3.16874110E-03 -2.75628300E+02
1.07707770E+03 1.25841450E-02 -2.75856370E+02
1.07702530E+03 2.13946410E-02 -2.76898240E+02
1.07697300E+03 2.69982520E-02 -2.78005750E+02
1.07692060E+03 2.84767070E-02 -2.79127380E+02
1.07686820E+03 2.55372100E-02 -2.80245360E+02
1.07681590E+03 1.85568930E-02 -2.81337420E+02
1.07676350E+03 8.71837060E-03 -2.82294500E+02
1.07671120E+03 4.35549120E-03 -2.81331180E+02
1.07665890E+03 1.46326370E-02 -2.81949970E+02
1.07660650E+03 2.32089590E-02 -2.83010370E+02
1.07655420E+03 2.80280480E-02 -2.84119720E+02
1.07650190E+03 2.82824860E-02 -2.85242990E+02
1.07644960E+03 2.39984610E-02 -2.86368360E+02
1.07639730E+03 1.59516530E-02 -2.87479860E+02
1.07634490E+03 5.55628590E-03 -2.88460480E+02
1.07629260E+03 6.05919760E-03 -2.86945390E+02
1.07624040E+03 1.62768320E-02 -2.87949350E+02
1.07618810E+03 2.40504260E-02 -2.89070660E+02
1.07613580E+03 2.81596110E-02 -2.90209730E+02
1.07608350E+03 2.80142780E-02 -2.91353350E+02
1.07603120E+03 2.36770500E-02 -2.92494970E+02
1.07597890E+03 1.58423470E-02 -2.93621990E+02
1.07592670E+03 5.77190280E-03 -2.94639780E+02
1.07587440E+03 5.41700230E-03 -2.93093650E+02
1.07582220E+03 1.53566430E-02 -2.94098940E+02
1.07576990E+03 2.29596080E-02 -2.95223570E+02
1.07571770E+03 2.69839720E-02 -2.96362690E+02
1.07566540E+03 2.67683310E-02 -2.97503200E+02
1.07561320E+03 2.22993430E-02 -2.98638790E+02
1.07556100E+03 1.42498470E-02 -2.99756630E+02
1.07550870E+03 3.96885130E-03 -3.00714420E+02
1.07545650E+03 7.22669250E-03 -2.99110380E+02
1.07540430E+03 1.69965660E-02 -3.00172510E+02
1.07535210E+03 2.40064130E-02 -3.01297040E+02
1.07529990E+03 2.70921520E-02 -3.02432060E+02
1.07524770E+03 2.57414060E-02 -3.03568040E+02
1.07519550E+03 2.01414170E-02 -3.04696660E+02
1.07514330E+03 1.11769550E-02 -3.05789130E+02
1.07509110E+03 1.31066440E-03 -3.05605920E+02
1.07503890E+03 1.09694130E-02 -3.05173900E+02
1.07498680E+03 2.02517300E-02 -3.06265630E+02
1.07493460E+03 2.62849070E-02 -3.07397260E+02
1.07488240E+03 2.81140120E-02 -3.08538240E+02
1.07483030E+03 2.55142370E-02 -3.09678260E+02
1.07477810E+03 1.89457120E-02 -3.10801580E+02
1.07472600E+03 9.49544930E-03 -3.11836500E+02
1.07467380E+03 2.95206550E-03 -3.10960680E+02
1.07462170E+03 1.30112330E-02 -3.11413210E+02
1.07456960E+03 2.18319590E-02 -3.12486890E+02
1.07451740E+03 2.71608410E-02 -3.13605390E+02
1.07446530E+03 2.80327680E-02 -3.14734820E+02
1.07441320E+03 2.43430160E-02 -3.15867100E+02
1.07436110E+03 1.68291060E-02 -3.16994100E+02
1.07430900E+03 6.88013900E-03 -3.18064360E+02
1.07425690E+03 4.06490190E-03 -3.16442990E+02
1.07420480E+03 1.38875570E-02 -3.17440540E+02
1.07415270E+03 2.14640090E-02 -3.18580490E+02
1.07410060E+03 2.56670070E-02 -3.19737770E+02
1.07404850E+03 2.58673610E-02 -3.20899980E+02
1.07399640E+03 2.19640460E-02 -3.22062680E+02
1.07394430E+03 1.44480350E-02 -3.23221740E+02
1.07389230E+03 4.40151720E-03 -3.24346140E+02
1.07384020E+03 6.65591310E-03 -3.22467890E+02
1.07378820E+03 1.69237270E-02 -3.23609500E+02
1.07373610E+03 2.47280020E-02 -3.24768930E+02
1.07368410E+03 2.87394180E-02 -3.25929020E+02
1.07363200E+03 2.82254710E-02 -3.27084600E+02
1.07358000E+03 2.31927770E-02 -3.28227760E+02
1.07352790E+03 1.44368260E-02 -3.29330980E+02
1.07347590E+03 3.79364480E-03 -3.30039120E+02
1.07342390E+03 8.72801690E-03 -3.28899590E+02
1.07337190E+03 1.86704860E-02 -3.29921190E+02
1.07331990E+03 2.55363350E-02 -3.31042620E+02
1.07326790E+03 2.81594400E-02 -3.32184120E+02
1.07321590E+03 2.61972030E-02 -3.33331580E+02
1.07316390E+03 2.00580720E-02 -3.34474980E+02
1.07311190E+03 1.07806750E-02 -3.35580990E+02
1.07305990E+03 1.37369500E-03 -3.35059450E+02
1.07300790E+03 1.14203360E-02 -3.35010210E+02
1.07295590E+03 2.06170260E-02 -3.36119430E+02
1.07290390E+03 2.64779360E-02 -3.37262180E+02
1.07285200E+03 2.78992740E-02 -3.38410470E+02
1.07280000E+03 2.45371910E-02 -3.39557570E+02
1.07274810E+03 1.69126800E-02 -3.40696130E+02
1.07269610E+03 6.34705370E-03 -3.41772850E+02
1.07264420E+03 5.50139490E-03 -3.40057330E+02
1.07259220E+03 1.63730130E-02 -3.41120010E+02
1.07254030E+03 2.46798180E-02 -3.42263890E+02
1.07248830E+03 2.91318800E-02 -3.43419630E+02
1.07243640E+03 2.91307580E-02 -3.44578530E+02
1.07238450E+03 2.47864440E-02 -3.45734910E+02
1.07233260E+03 1.68526170E-02 -3.46875610E+02
1.07228070E+03 6.63752310E-03 -3.47907710E+02
1.07222880E+03 4.91018180E-03 -3.46478730E+02
1.07217690E+03 1.50452750E-02 -3.47437880E+02
1.07212500E+03 2.29064930E-02 -3.48570490E+02
1.07207310E+03 2.71114850E-02 -3.49721050E+02
1.07202120E+03 2.69004360E-02 -3.50871410E+02
1.07196930E+03 2.22236770E-02 -3.52011020E+02
1.07191740E+03 1.38321710E-02 -3.53111470E+02
1.07186560E+03 3.55941680E-03 -3.53791630E+02
1.07181370E+03 8.69773110E-03 -3.52687110E+02
1.07176180E+03 1.84858870E-02 -3.53718050E+02
1.07171000E+03 2.53826700E-02 -3.54846750E+02
1.07165810E+03 2.82231270E-02 -3.55993040E+02
1.07160630E+03 2.65694120E-02 -3.57139490E+02
1.07155440E+03 2.07018110E-02 -3.58270630E+02
1.07150260E+03 1.16321140E-02 -3.59333940E+02
1.07145080E+03 2.58122440E-03 -3.59290660E+02
1.07139890E+03 1.08531110E-02 -3.58975110E+02
1.07134710E+03 1.97353730E-02 -3.60028750E+02
1.07129530E+03 2.53137870E-02 -3.61159190E+02
1.07124350E+03 2.65921550E-02 -3.62306680E+02
1.07119170E+03 2.33448120E-02 -3.63454040E+02
1.07113990E+03 1.60920430E-02 -3.64579390E+02
1.07108810E+03 6.14158260E-03 -3.65541540E+02
1.07103630E+03 5.84012250E-03 -3.64231700E+02
1.07098450E+03 1.61449890E-02 -3.65173110E+02
1.07093270E+03 2.39509970E-02 -3.66292280E+02
1.07088090E+03 2.76905820E-02 -3.67435070E+02
1.07082920E+03 2.66983750E-02 -3.68581040E+02
1.07077740E+03 2.12079870E-02 -3.69715380E+02
1.07072560E+03 1.22968870E-02 -3.70789340E+02
1.07067390E+03 2.85727880E-03 -3.70979020E+02
1.07062210E+03 1.03440610E-02 -3.70463820E+02
1.07057040E+03 1.94637950E-02 -3.71506660E+02
1.07051860E+03 2.54268670E-02 -3.72633510E+02
1.07046690E+03 2.71596870E-02 -3.73773300E+02
1.07041520E+03 2.43683020E-02 -3.74904840E+02
1.07036350E+03 1.75517500E-02 -3.75996980E+02
1.07031170E+03 8.18018290E-03 -3.76879680E+02
1.07026000E+03 5.71594490E-03 -3.76163040E+02
1.07020830E+03 1.54254260E-02 -3.76817590E+02
1.07015660E+03 2.36487810E-02 -3.77880620E+02
1.07010490E+03 2.81478100E-02 -3.79000920E+02
1.07005320E+03 2.80296580E-02 -3.80135440E+02
1.07000150E+03 2.33133520E-02 -3.81265960E+02
1.06994980E+03 1.49077690E-02 -3.82356240E+02
1.06989810E+03 4.84714400E-03 -3.83071150E+02
1.06984650E+03 7.90725950E-03 -3.82141090E+02
1.06979480E+03 1.73537180E-02 -3.83106100E+02
1.06974310E+03 2.40797610E-02 -3.84232430E+02
1.06969150E+03 2.68300090E-02 -3.85386640E+02
1.06963980E+03 2.51636180E-02 -3.86544120E+02
1.06958820E+03 1.93997510E-02 -3.87688260E+02
1.06953650E+03 1.06117480E-02 -3.88766120E+02
1.06948490E+03 2.22999820E-03 -3.88548950E+02
1.06943320E+03 1.05427970E-02 -3.88403850E+02
1.06938160E+03 1.87565480E-02 -3.89488300E+02
1.06933000E+03 2.38288300E-02 -3.90638880E+02
1.06927830E+03 2.49457590E-02 -3.91803200E+02
1.06922670E+03 2.19741920E-02 -3.92964710E+02
1.06917510E+03 1.54484020E-02 -3.94100910E+02
1.06912350E+03 6.61091800E-03 -3.95082610E+02
1.06907190E+03 4.43142940E-03 -3.94000750E+02
1.06902030E+03 1.33447540E-02 -3.94821270E+02
1.06896870E+03 2.03430360E-02 -3.95943000E+02
1.06891710E+03 2.39340720E-02 -3.97101190E+02
1.06886560E+03 2.34640590E-02 -3.98266100E+02
1.06881400E+03 1.89712810E-02 -3.99422850E+02
1.06876240E+03 1.12177640E-02 -4.00535480E+02
1.06871080E+03 2.21946300E-03 -4.00937370E+02
1.06865930E+03 8.82855160E-03 -4.00118940E+02
1.06860770E+03 1.70881740E-02 -4.01200640E+02
1.06855620E+03 2.23345100E-02 -4.02355380E+02
1.06850460E+03 2.36564320E-02 -4.03524250E+02
1.06845310E+03 2.08990370E-02 -4.04689460E+02
1.06840150E+03 1.45954440E-02 -4.05824410E+02
1.06835000E+03 5.99687550E-03 -4.06769160E+02
1.06829850E+03 4.95992000E-03 -4.05690900E+02
1.06824700E+03 1.37905220E-02 -4.06544020E+02
1.06819540E+03 2.05506610E-02 -4.07651240E+02
1.06814390E+03 2.36875350E-02 -4.08789620E+02
1.06809240E+03 2.26052680E-02 -4.09932500E+02
1.06804090E+03 1.75888480E-02 -4.11063580E+02
1.06798940E+03 9.72941250E-03 -4.12123670E+02
1.06793790E+03 2.38469850E-03 -4.11970510E+02
1.06788640E+03 9.64992790E-03 -4.11845580E+02
1.06783500E+03 1.72638200E-02 -4.12922530E+02
1.06778350E+03 2.22330500E-02 -4.14076100E+02
1.06773200E+03 2.36991570E-02 -4.15243290E+02
1.06768050E+03 2.13408020E-02 -4.16404720E+02
1.06762910E+03 1.54659880E-02 -4.17537770E+02
1.06757760E+03 7.16438320E-03 -4.18527560E+02
1.06752620E+03 3.78250110E-03 -4.17606030E+02
1.06747470E+03 1.21607600E-02 -4.18290480E+02
1.06742330E+03 1.88685250E-02 -4.19399700E+02
1.06737180E+03 2.23281190E-02 -4.20560000E+02
1.06732040E+03 2.20771190E-02 -4.21733780E+02
1.06726900E+03 1.83307140E-02 -4.22900450E+02
1.06721760E+03 1.18390560E-02 -4.24012790E+02
1.06716610E+03 4.23723820E-03 -4.24690600E+02
1.06711470E+03 6.71019010E-03 -4.23992530E+02
1.06706330E+03 1.44696630E-02 -4.24927950E+02
1.06701190E+03 2.02118140E-02 -4.26040640E+02
1.06696050E+03 2.24993580E-02 -4.27173610E+02
1.06690910E+03 2.06919750E-02 -4.28292180E+02
1.06685770E+03 1.50753400E-02 -4.29353770E+02
1.06680640E+03 7.28666010E-03 -4.30136850E+02
1.06675500E+03 6.11992140E-03 -4.29658240E+02
1.06670360E+03 1.37969200E-02 -4.30309820E+02
1.06665220E+03 1.98883680E-02 -4.31356010E+02
1.06660090E+03 2.24616620E-02 -4.32473190E+02
1.06654950E+03 2.11036740E-02 -4.33608410E+02
1.06649820E+03 1.62455500E-02 -4.34730030E+02
1.06644680E+03 9.01310010E-03 -4.35747730E+02
1.06639550E+03 3.14554710E-03 -4.35637680E+02
1.06634410E+03 9.21086810E-03 -4.35679120E+02
1.06629280E+03 1.56764460E-02 -4.36716430E+02
1.06624150E+03 1.94681510E-02 -4.37853920E+02
1.06619010E+03 1.98448310E-02 -4.39015090E+02
1.06613880E+03 1.67925390E-02 -4.40177790E+02
1.06608750E+03 1.09392550E-02 -4.41311850E+02
1.06603620E+03 3.56805930E-03 -4.42164690E+02
1.06598490E+03 5.30321240E-03 -4.41045920E+02
1.06593360E+03 1.24696810E-02 -4.42049080E+02
1.06588230E+03 1.77661020E-02 -4.43192280E+02
1.06583100E+03 2.01687180E-02 -4.44347880E+02
1.06577970E+03 1.91562210E-02 -4.45488460E+02
1.06572850E+03 1.48179500E-02 -4.46582260E+02
1.06567720E+03 8.13246980E-03 -4.47495800E+02
1.06562590E+03 4.33280510E-03 -4.47228120E+02
1.06557460E+03 1.07617550E-02 -4.47562860E+02
1.06552340E+03 1.69877770E-02 -4.48561300E+02
1.06547210E+03 2.02738700E-02 -4.49652250E+02
1.06542090E+03 1.98721410E-02 -4.50759620E+02
1.06536960E+03 1.59557690E-02 -4.51843570E+02
1.06531840E+03 9.61205040E-03 -4.52798480E+02
1.06526720E+03 4.57165890E-03 -4.52934180E+02
1.06521590E+03 9.22857450E-03 -4.53017800E+02
1.06516470E+03 1.54443190E-02 -4.53977940E+02
1.06511350E+03 1.94675290E-02 -4.55084490E+02
1.06506230E+03 2.03623810E-02 -4.56221590E+02
1.06501110E+03 1.78889140E-02 -4.57347520E+02
1.06495990E+03 1.24738100E-02 -4.58403030E+02
1.06490870E+03 5.81780800E-03 -4.59077210E+02
1.06485750E+03 6.50024760E-03 -4.58701330E+02
1.06480630E+03 1.32325250E-02 -4.59463620E+02
1.06475510E+03 1.83024270E-02 -4.60527260E+02
1.06470390E+03 2.01926330E-02 -4.61649360E+02
1.06465270E+03 1.85954170E-02 -4.62776300E+02
1.06460160E+03 1.39589290E-02 -4.63855990E+02
1.06455040E+03 7.61809460E-03 -4.64696040E+02
1.06449920E+03 5.53016510E-03 -4.64516330E+02
1.06444810E+03 1.17755750E-02 -4.65026140E+02
1.06439690E+03 1.77289760E-02 -4.66029760E+02
1.06434580E+03 2.08530540E-02 -4.67116670E+02
1.06429460E+03 2.03044580E-02 -4.68212910E+02
1.06424350E+03 1.62237380E-02 -4.69273420E+02
1.06419240E+03 9.83701100E-03 -4.70172090E+02
1.06414120E+03 5.53911670E-03 -4.70284000E+02
1.06409010E+03 1.02836250E-02 -4.70508370E+02
1.06403900E+03 1.61544700E-02 -4.71445570E+02
1.06398790E+03 1.95211430E-02 -4.72527510E+02
1.06393680E+03 1.94868000E-02 -4.73644720E+02
1.06388570E+03 1.60964070E-02 -4.74754000E+02
1.06383460E+03 1.01893090E-02 -4.75778050E+02
1.06378350E+03 4.21037830E-03 -4.76190600E+02
1.06373240E+03 7.26484140E-03 -4.75943820E+02
1.06368130E+03 1.33438290E-02 -4.76855190E+02
1.06363020E+03 1.74123890E-02 -4.77949260E+02
1.06357920E+03 1.84176120E-02 -4.79072910E+02
1.06352810E+03 1.61265030E-02 -4.80178880E+02
1.06347700E+03 1.10974600E-02 -4.81195790E+02
1.06342600E+03 5.40258150E-03 -4.81755000E+02
1.06337490E+03 6.84759140E-03 -4.81548970E+02
1.06332390E+03 1.26636920E-02 -4.82333130E+02
1.06327280E+03 1.67923610E-02 -4.83379190E+02
1.06322180E+03 1.78927880E-02 -4.84477930E+02
1.06317080E+03 1.57351830E-02 -4.85573490E+02
1.06311970E+03 1.08901900E-02 -4.86596980E+02
1.06306870E+03 5.20280530E-03 -4.87200610E+02
1.06301770E+03 6.32955040E-03 -4.86922300E+02
1.06296670E+03 1.23354980E-02 -4.87694690E+02
1.06291570E+03 1.69781020E-02 -4.88738970E+02
1.06286470E+03 1.88071780E-02 -4.89827220E+02
1.06281370E+03 1.73816960E-02 -4.90898990E+02
1.06276270E+03 1.31358060E-02 -4.91885490E+02
1.06271170E+03 7.93950040E-03 -4.92556120E+02
1.06266070E+03 7.52061190E-03 -4.92625530E+02
1.06260970E+03 1.25676170E-02 -4.93225870E+02
1.06255870E+03 1.70952390E-02 -4.94181610E+02
1.06250780E+03 1.90572510E-02 -4.95223230E+02
1.06245680E+03 1.79885020E-02 -4.96267760E+02
1.06240580E+03 1.43574300E-02 -4.97244050E+02
1.06235490E+03 9.82827290E-03 -4.97987640E+02
1.06230390E+03 8.54588010E-03 -4.98301930E+02
1.06225300E+03 1.23887760E-02 -4.98844970E+02
1.06220200E+03 1.68743390E-02 -4.99740540E+02
1.06215110E+03 1.94435070E-02 -5.00750370E+02
1.06210020E+03 1.92207930E-02 -5.01777290E+02
1.06204930E+03 1.62986580E-02 -5.02755680E+02
1.06199830E+03 1.18966050E-02 -5.03567310E+02
1.06194740E+03 9.33931060E-03 -5.04009770E+02
1.06189650E+03 1.19800070E-02 -5.04454480E+02
1.06184560E+03 1.65806560E-02 -5.05269510E+02
1.06179470E+03 1.99299680E-02 -5.06249820E+02
1.06174380E+03 2.08318230E-02 -5.07274510E+02
1.06169290E+03 1.90750230E-02 -5.08277550E+02
1.06164200E+03 1.53186560E-02 -5.09178620E+02
1.06159110E+03 1.16597370E-02 -5.09831130E+02
1.06154030E+03 1.18030570E-02 -5.10260330E+02
1.06148940E+03 1.55681620E-02 -5.10916860E+02
1.06143850E+03 1.91057310E-02 -5.11804160E+02
1.06138770E+03 2.02590390E-02 -5.12779680E+02
1.06133680E+03 1.84861170E-02 -5.13762440E+02
1.06128590E+03 1.44413770E-02 -5.14667000E+02
1.06123510E+03 1.02728980E-02 -5.15314680E+02
1.06118430E+03 1.01999940E-02 -5.15666140E+02
1.06113340E+03 1.43851520E-02 -5.16307970E+02
1.06108260E+03 1.86552720E-02 -5.17220890E+02
1.06103180E+03 2.07997640E-02 -5.18223780E+02
1.06098090E+03 2.00010350E-02 -5.19234900E+02
1.06093010E+03 1.64366880E-02 -5.20188660E+02
1.06087930E+03 1.15715210E-02 -5.20952850E+02
1.06082850E+03 9.21616850E-03 -5.21324730E+02
1.06077770E+03 1.21031280E-02 -5.21789000E+02
1.06072690E+03 1.60329150E-02 -5.22630140E+02
1.06067610E+03 1.80261910E-02 -5.23625270E+02
1.06062530E+03 1.72854100E-02 -5.24663160E+02
1.06057450E+03 1.40527650E-02 -5.25670600E+02
1.06052370E+03 9.44748380E-03 -5.26505940E+02
1.06047300E+03 6.76428070E-03 -5.26823910E+02
1.06042220E+03 9.89245960E-03 -5.27176650E+02
1.06037140E+03 1.45831810E-02 -5.28013660E+02
1.06032070E+03 1.76057860E-02 -5.28998740E+02
1.06026990E+03 1.78428830E-02 -5.30006650E+02
1.06021920E+03 1.52588460E-02 -5.30969690E+02
1.06016840E+03 1.09988950E-02 -5.31771430E+02
1.06011770E+03 8.25613050E-03 -5.32182510E+02
1.06006690E+03 1.04937480E-02 -5.32567520E+02
1.06001620E+03 1.45114800E-02 -5.33355920E+02
1.05996550E+03 1.71663330E-02 -5.34318700E+02
1.05991480E+03 1.74276090E-02 -5.35324820E+02
1.05986400E+03 1.52620740E-02 -5.36300080E+02
1.05981330E+03 1.15470140E-02 -5.37138770E+02
1.05976260E+03 8.80084740E-03 -5.37648500E+02
1.05971190E+03 1.03829140E-02 -5.38048070E+02
1.05966120E+03 1.42922930E-02 -5.38793930E+02
1.05961050E+03 1.72686370E-02 -5.39731520E+02
1.05955980E+03 1.79835130E-02 -5.40724320E+02
1.05950920E+03 1.62431800E-02 -5.41694980E+02
1.05945850E+03 1.28345840E-02 -5.42545130E+02
1.05940780E+03 1.01040290E-02 -5.43113130E+02
1.05935710E+03 1.13700410E-02 -5.43545300E+02
1.05930650E+03 1.52836580E-02 -5.44258130E+02
1.05925580E+03 1.84243170E-02 -5.45160900E+02
1.05920520E+03 1.91242260E-02 -5.46122720E+02
1.05915450E+03 1.71151840E-02 -5.47066570E+02
1.05910390E+03 1.33734500E-02 -5.47897710E+02
1.05905320E+03 1.04713230E-02 -5.48468570E+02
1.05900260E+03 1.15582460E-02 -5.48932080E+02
1.05895200E+03 1.51956760E-02 -5.49672980E+02
1.05890140E+03 1.82341410E-02 -5.50605660E+02
1.05885070E+03 1.91524270E-02 -5.51603010E+02
1.05880010E+03 1.75224220E-02 -5.52591070E+02
1.05874950E+03 1.38424700E-02 -5.53485300E+02
1.05869890E+03 1.00823570E-02 -5.54112270E+02
1.05864830E+03 1.02409210E-02 -5.54462130E+02
1.05859770E+03 1.43414010E-02 -5.55096170E+02
1.05854710E+03 1.84346610E-02 -5.55989440E+02
1.05849650E+03 2.04573630E-02 -5.56970830E+02
1.05844590E+03 1.97422390E-02 -5.57958460E+02
1.05839540E+03 1.65906960E-02 -5.58883250E+02
1.05834480E+03 1.25068600E-02 -5.59624880E+02
1.05829420E+03 1.08363110E-02 -5.60071980E+02
1.05824370E+03 1.35423620E-02 -5.60594460E+02
1.05819310E+03 1.73472280E-02 -5.61398820E+02
1.05814260E+03 1.94692580E-02 -5.62333320E+02
1.05809200E+03 1.89608740E-02 -5.63296480E+02
1.05804150E+03 1.61002090E-02 -5.64212970E+02
1.05799090E+03 1.23621630E-02 -5.64970200E+02
1.05794040E+03 1.07095840E-02 -5.65471890E+02
1.05788990E+03 1.29293770E-02 -5.66024750E+02
1.05783940E+03 1.64001110E-02 -5.66833840E+02
1.05778880E+03 1.86080180E-02 -5.67770700E+02
1.05773830E+03 1.85578070E-02 -5.68733900E+02
1.05768780E+03 1.63296440E-02 -5.69649230E+02
1.05763730E+03 1.31277210E-02 -5.70418560E+02
1.05758680E+03 1.15483130E-02 -5.70963030E+02
1.05753630E+03 1.34701250E-02 -5.71517940E+02
1.05748580E+03 1.68873170E-02 -5.72293370E+02
1.05743530E+03 1.93019710E-02 -5.73200460E+02
1.05738490E+03 1.95386810E-02 -5.74144900E+02
1.05733440E+03 1.74805260E-02 -5.75056800E+02
1.05728390E+03 1.40992030E-02 -5.75844870E+02
1.05723350E+03 1.18591870E-02 -5.76403450E+02
1.05718300E+03 1.33080700E-02 -5.76908190E+02
1.05713250E+03 1.69242420E-02 -5.77639500E+02
1.05708210E+03 1.98744630E-02 -5.78530380E+02
1.05703160E+03 2.07526690E-02 -5.79475370E+02
1.05698120E+03 1.93193230E-02 -5.80403050E+02
1.05693080E+03 1.63520690E-02 -5.81236960E+02
1.05688030E+03 1.38586750E-02 -5.81889200E+02
1.05682990E+03 1.43734180E-02 -5.82432570E+02
1.05677950E+03 1.75619370E-02 -5.83117250E+02
1.05672910E+03 2.07843220E-02 -5.83961140E+02
1.05667870E+03 2.22067590E-02 -5.84875890E+02
1.05662820E+03 2.12031480E-02 -5.85793100E+02
1.05657780E+03 1.82407870E-02 -5.86645580E+02
1.05652740E+03 1.50415380E-02 -5.87344610E+02
1.05647710E+03 1.43825720E-02 -5.87887950E+02
1.05642670E+03 1.70649650E-02 -5.88519290E+02
1.05637630E+03 2.06301550E-02 -5.89335450E+02
1.05632590E+03 2.28682210E-02 -5.90251720E+02
1.05627550E+03 2.28179490E-02 -5.91191490E+02
1.05622520E+03 2.05466970E-02 -5.92091710E+02
1.05617480E+03 1.72081870E-02 -5.92875170E+02
1.05612440E+03 1.52211230E-02 -5.93481340E+02
1.05607410E+03 1.66517970E-02 -5.94053120E+02
1.05602370E+03 2.01215860E-02 -5.94784100E+02
1.05597340E+03 2.29693710E-02 -5.95642050E+02
1.05592300E+03 2.36830320E-02 -5.96544570E+02
1.05587270E+03 2.19951160E-02 -5.97425250E+02
1.05582240E+03 1.88373320E-02 -5.98212470E+02
1.05577210E+03 1.64474220E-02 -5.98840350E+02
1.05572170E+03 1.72046250E-02 -5.99398750E+02
1.05567140E+03 2.04564580E-02 -6.00088430E+02
1.05562110E+03 2.35814080E-02 -6.00917200E+02
1.05557080E+03 2.48195470E-02 -6.01808890E+02
1.05552050E+03 2.36624920E-02 -6.02698480E+02
1.05547020E+03 2.07545670E-02 -6.03521480E+02
1.05541990E+03 1.79624430E-02 -6.04210600E+02
1.05536960E+03 1.77623790E-02 -6.04795740E+02
1.05531930E+03 2.04854980E-02 -6.05457870E+02
1.05526910E+03 2.38404920E-02 -6.06257980E+02
1.05521880E+03 2.57590450E-02 -6.07133270E+02
1.05516850E+03 2.53861260E-02 -6.08016310E+02
1.05511830E+03 2.30847870E-02 -6.08844300E+02
1.05506800E+03 2.05216900E-02 -6.09555610E+02
1.05501770E+03 2.01965170E-02 -6.10163120E+02
1.05496750E+03 2.29302390E-02 -6.10816540E+02
1.05491730E+03 2.67200480E-02 -6.11593780E+02
1.05486700E+03 2.93125580E-02 -6.12449820E+02
1.05481680E+03 2.96165600E-02 -6.13323310E+02
1.05476650E+03 2.78057380E-02 -6.14159820E+02
1.05471630E+03 2.52897970E-02 -6.14910300E+02
1.05466610E+03 2.43085000E-02 -6.15569640E+02
1.05461590E+03 2.61429580E-02 -6.16229750E+02
1.05456570E+03 2.95869940E-02 -6.16977120E+02
1.05451550E+03 3.24920130E-02 -6.17802250E+02
1.05446530E+03 3.35009580E-02 -6.18658360E+02
1.05441510E+03 3.24519690E-02 -6.19499580E+02
1.05436490E+03 3.03335980E-02 -6.20286430E+02
1.05431470E+03 2.89412360E-02 -6.21004030E+02
1.05426450E+03 2.97361460E-02 -6.21695470E+02
1.05421430E+03 3.24440960E-02 -6.22429540E+02
1.05416420E+03 3.54487040E-02 -6.23224070E+02
1.05411400E+03 3.72736270E-02 -6.24052040E+02
1.05406380E+03 3.73373950E-02 -6.24877040E+02
1.05401370E+03 3.60902390E-02 -6.25667360E+02
1.05396350E+03 3.48233490E-02 -6.26407150E+02
1.05391340E+03 3.49310350E-02 -6.27115200E+02
1.05386320E+03 3.67500910E-02 -6.27839550E+02
1.05381310E+03 3.92691360E-02 -6.28611320E+02
1.05376300E+03 4.11096300E-02 -6.29424170E+02
1.05371280E+03 4.14597880E-02 -6.30252120E+02
1.05366270E+03 4.04033920E-02 -6.31065720E+02
1.05361260E+03 3.88693930E-02 -6.31842150E+02
1.05356250E+03 3.82064460E-02 -6.32580230E+02
1.05351240E+03 3.92566360E-02 -6.33309880E+02
1.05346220E+03 4.15895090E-02 -6.34067380E+02
1.05341210E+03 4.39033000E-02 -6.34861740E+02
1.05336200E+03 4.50585850E-02 -6.35676240E+02
1.05331200E+03 4.47270410E-02 -6.36485330E+02
1.05326190E+03 4.35101960E-02 -6.37266720E+02
1.05321180E+03 4.26094050E-02 -6.38013250E+02
1.05316170E+03 4.30293830E-02 -6.38742460E+02
1.05311160E+03 4.47553980E-02 -6.39484680E+02
1.05306160E+03 4.68073550E-02 -6.40255240E+02
1.05301150E+03 4.80922070E-02 -6.41046710E+02
1.05296140E+03 4.81210920E-02 -6.41840560E+02
1.05291140E+03 4.72071640E-02 -6.42618860E+02
1.05286130E+03 4.62314000E-02 -6.43372920E+02
1.05281130E+03 4.60969410E-02 -6.44109410E+02
1.05276130E+03 4.71351650E-02 -6.44846640E+02
1.05271120E+03 4.89364990E-02 -6.45599510E+02
1.05266120E+03 5.07386330E-02 -6.46369260E+02
1.05261120E+03 5.19431330E-02 -6.47146460E+02
1.05256120E+03 5.24008680E-02 -6.47918850E+02
1.05251110E+03 5.24311910E-02 -6.48677380E+02
1.05246110E+03 5.26353320E-02 -6.49420420E+02
1.05241110E+03 5.35684890E-02 -6.50155100E+02
1.05236110E+03 5.54190640E-02 -6.50893580E+02
1.05231110E+03 5.79099410E-02 -6.51645250E+02
1.05226110E+03 6.04815420E-02 -6.52411610E+02
1.05221110E+03 6.25908780E-02 -6.53187060E+02
1.05216120E+03 6.39549600E-02 -6.53962500E+02
1.05211120E+03 6.46827960E-02 -6.54729030E+02
1.05206120E+03 6.52777380E-02 -6.55481470E+02
1.05201120E+03 6.64631610E-02 -6.56221670E+02
1.05196130E+03 6.88198040E-02 -6.56959530E+02
1.05191130E+03 7.24018110E-02 -6.57708120E+02
1.05186140E+03 7.66303320E-02 -6.58475500E+02
1.05181140E+03 8.05743380E-02 -6.59260050E+02
1.05176150E+03 8.34404400E-02 -6.60051930E+02
1.05171150E+03 8.50437360E-02 -6.60837590E+02
1.05166160E+03 8.60672530E-02 -6.61605880E+02
1.05161170E+03 8.78579500E-02 -6.62355520E+02
1.05156170E+03 9.15937880E-02 -6.63099330E+02
1.05151180E+03 9.72841090E-02 -6.63856380E+02
1.05146190E+03 1.03594820E-01 -6.64636780E+02
1.05141200E+03 1.08707670E-01 -6.65435690E+02
1.05136210E+03 1.11441020E-01 -6.66238150E+02
1.05131220E+03 1.12007080E-01 -6.67026860E+02
1.05126230E+03 1.12125370E-01 -6.67790710E+02
1.05121240E+03 1.14182220E-01 -6.68534210E+02
1.05116250E+03 1.19528130E-01 -6.69278370E+02
1.05111260E+03 1.27282160E-01 -6.70044240E+02
1.05106280E+03 1.34968820E-01 -6.70836650E+02
1.05101290E+03 1.40196910E-01 -6.71644780E+02
1.05096300E+03 1.41974440E-01 -6.72450890E+02
1.05091320E+03 1.41265930E-01 -6.73237990E+02
1.05086330E+03 1.40739430E-01 -6.73997860E+02
1.05081340E+03 1.43408240E-01 -6.74739560E+02
1.05076360E+03 1.50462570E-01 -6.75486940E+02
1.05071370E+03 1.60153780E-01 -6.76259650E+02
1.05066390E+03 1.69014470E-01 -6.77058800E+02
1.05061410E+03 1.74086380E-01 -6.77870160E+02
1.05056420E+03 1.74586510E-01 -6.78673370E+02
1.05051440E+03 1.72592530E-01 -6.79450530E+02
1.05046460E+03 1.72360480E-01 -6.80197350E+02
1.05041480E+03 1.77695610E-01 -6.80932260E+02
1.05036500E+03 1.88716790E-01 -6.81685180E+02
1.05031520E+03 2.01546940E-01 -6.82471270E+02
1.05026540E+03 2.11251940E-01 -6.83282850E+02
1.05021560E+03 2.14864730E-01 -6.84099520E+02
1.05016580E+03 2.12947020E-01 -6.84898680E+02
1.05011600E+03 2.09673900E-01 -6.85664840E+02
1.05006620E+03 2.10923580E-01 -6.86402000E+02
1.05001640E+03 2.20174650E-01 -6.87137420E+02
1.04996660E+03 2.35390120E-01 -6.87899970E+02
1.04991690E+03 2.50639430E-01 -6.88696440E+02
1.04986710E+03 2.60313510E-01 -6.89513090E+02
1.04981740E+03 2.62154690E-01 -6.90327970E+02
1.04976760E+03 2.58387230E-01 -6.91120070E+02
1.04971780E+03 2.55054530E-01 -6.91878810E+02
1.04966810E+03 2.58865080E-01 -6.92615240E+02
1.04961840E+03 2.72226660E-01 -6.93358980E+02
1.04956860E+03 2.91066430E-01 -6.94133210E+02
1.04951890E+03 3.08066470E-01 -6.94938120E+02
1.04946920E+03 3.17433920E-01 -6.95757450E+02
1.04941940E+03 3.17793580E-01 -6.96569840E+02
1.04936970E+03 3.12957860E-01 -6.97357090E+02
1.04932000E+03 3.10456460E-01 -6.98113730E+02
1.04927030E+03 3.17172210E-01 -6.98855430E+02
1.04922060E+03 3.34050530E-01 -6.99610300E+02
1.04917090E+03 3.55263930E-01 -7.00395090E+02
1.04912120E+03 3.72738690E-01 -7.01205520E+02
1.04907150E+03 3.81117070E-01 -7.02024650E+02
1.04902180E+03 3.80303110E-01 -7.02832960E+02
1.04897220E+03 3.75594530E-01 -7.03616180E+02
1.04892250E+03 3.75235950E-01 -7.04373780E+02
1.04887280E+03 3.85341160E-01 -7.05123140E+02
1.04882310E+03 4.05262920E-01 -7.05887900E+02
1.04877350E+03 4.28140980E-01 -7.06679220E+02
1.04872380E+03 4.45851920E-01 -7.07491080E+02
1.04867420E+03 4.53653640E-01 -7.08307990E+02
1.04862450E+03 4.52389770E-01 -7.09113190E+02
1.04857490E+03 4.48222470E-01 -7.09895700E+02
1.04852530E+03 4.49637670E-01 -7.10657400E+02
1.04847560E+03 4.62133380E-01 -7.11414690E+02
1.04842600E+03 4.84156150E-01 -7.12187120E+02
1.04837640E+03 5.08360330E-01 -7.12982690E+02
1.04832680E+03 5.26713110E-01 -7.13795230E+02
1.04827710E+03 5.35000060E-01 -7.14611020E+02
1.04822750E+03 5.34768680E-01 -7.15415960E+02
1.04817790E+03 5.32581790E-01 -7.16201960E+02
1.04812830E+03 5.36543030E-01 -7.16972170E+02
1.04807870E+03 5.51175900E-01 -7.17740510E+02
1.04802910E+03 5.74282570E-01 -7.18521810E+02
1.04797960E+03 5.98731620E-01 -7.19321390E+02
1.04793000E+03 6.17263510E-01 -7.20133790E+02
1.04788040E+03 6.26486800E-01 -7.20947960E+02
1.04783080E+03 6.28369390E-01 -7.21753220E+02
1.04778130E+03 6.29100520E-01 -7.22544270E+02
1.04773170E+03 6.35631650E-01 -7.23324490E+02
1.04768210E+03 6.51376010E-01 -7.24104330E+02
1.04763260E+03 6.74073740E-01 -7.24894120E+02
1.04758300E+03 6.97604110E-01 -7.25697300E+02
1.04753350E+03 7.15988990E-01 -7.26509770E+02
1.04748400E+03 7.26639480E-01 -7.27323550E+02
1.04743440E+03 7.31403790E-01 -7.28131190E+02
1.04738490E+03 7.35310540E-01 -7.28929450E+02
1.04733540E+03 7.43598730E-01 -7.29720960E+02
1.04728580E+03 7.58560310E-01 -7.30512530E+02
1.04723630E+03 7.78313380E-01 -7.31310480E+02
1.04718680E+03 7.98363080E-01 -7.32116840E+02
1.04713730E+03 8.14563750E-01 -7.32928920E+02
1.04708780E+03 8.25403780E-01 -7.33741730E+02
1.04703830E+03 8.32503060E-01 -7.34550980E+02
1.04698880E+03 8.39329890E-01 -7.35355300E+02
1.04693930E+03 8.48941040E-01 -7.36156730E+02
1.04688990E+03 8.62118420E-01 -7.36959070E+02
1.04684040E+03 8.77135450E-01 -7.37765210E+02
1.04679090E+03 8.91209580E-01 -7.38575420E+02
1.04674140E+03 9.02448520E-01 -7.39387660E+02
1.04669200E+03 9.10925160E-01 -7.40199340E+02
1.04664250E+03 9.18296510E-01 -7.41009130E+02
1.04659310E+03 9.26365980E-01 -7.41817650E+02
1.04654360E+03 9.35663050E-01 -7.42626770E+02
1.04649420E+03 9.45083810E-01 -7.43438010E+02
1.04644470E+03 9.52812190E-01 -7.44251350E+02
1.04639530E+03 9.57771040E-01 -7.45065310E+02
1.04634590E+03 9.60529910E-01 -7.45878070E+02
1.04629640E+03 9.63015120E-01 -7.46688970E+02
1.04624700E+03 9.67149880E-01 -7.47499270E+02
1.04619760E+03 9.73315720E-01 -7.48311490E+02
1.04614820E+03 9.79780450E-01 -7.49127730E+02
1.04609880E+03 9.83604600E-01 -7.49948180E+02
1.04604940E+03 9.82456330E-01 -7.50770760E+02
1.04600000E+03 9.76175640E-01 -7.51592240E+02
1.04595060E+03 9.67132100E-01 -7.52410050E+02
1.04590120E+03 9.59053520E-01 -7.53224030E+02
1.04585180E+03 9.54816190E-01 -7.54037040E+02
1.04580240E+03 9.54485600E-01 -7.54853540E+02
1.04575300E+03 9.55004490E-01 -7.55676940E+02
1.04570370E+03 9.51841090E-01 -7.56507610E+02
1.04565430E+03 9.41520080E-01 -7.57342650E+02
1.04560500E+03 9.23557920E-01 -7.58177410E+02
1.04555560E+03 9.00865600E-01 -7.59007830E+02
1.04550620E+03 8.78398750E-01 -7.59832760E+02
1.04545690E+03 8.60548010E-01 -7.60655180E+02
1.04540760E+03 8.48598370E-01 -7.61481130E+02
1.04535820E+03 8.39933540E-01 -7.62316420E+02
1.04530890E+03 8.29597880E-01 -7.63163350E+02
1.04525960E+03 8.13090470E-01 -7.64019890E+02
1.04521020E+03 7.88680460E-01 -7.64880950E+02
1.04516090E+03 7.58249230E-01 -7.65740800E+02
1.04511160E+03 7.26495290E-01 -7.66595760E+02
1.04506230E+03 6.98820210E-01 -7.67446450E+02
1.04501300E+03 6.78725620E-01 -7.68298400E+02
1.04496370E+03 6.66133300E-01 -7.69159390E+02
1.04491440E+03 6.57781670E-01 -7.70035110E+02
1.04486510E+03 6.49357660E-01 -7.70926290E+02
1.04481580E+03 6.37834720E-01 -7.71828900E+02
1.04476650E+03 6.22808230E-01 -7.72736340E+02
1.04471720E+03 6.06553810E-01 -7.73642020E+02
1.04466800E+03 5.93047400E-01 -7.74541760E+02
1.04461870E+03 5.86334180E-01 -7.75435470E+02
1.04456940E+03 5.88821790E-01 -7.76326930E+02
1.04452020E+03 6.00287050E-01 -7.77221150E+02
1.04447090E+03 6.18139120E-01 -7.78121080E+02
1.04442170E+03 6.38709340E-01 -7.79025900E+02
1.04437240E+03 6.58802460E-01 -7.79931750E+02
1.04432320E+03 6.76853390E-01 -7.80833590E+02
1.04427400E+03 6.93354230E-01 -7.81727270E+02
1.04422470E+03 7.10420440E-01 -7.82611020E+02
1.04417550E+03 7.30586510E-01 -7.83486150E+02
1.04412630E+03 7.55310580E-01 -7.84356360E+02
1.04407710E+03 7.83995780E-01 -7.85225680E+02
1.04402790E+03 8.14152010E-01 -7.86096440E+02
1.04397860E+03 8.42615440E-01 -7.86968350E+02
1.04392940E+03 8.67115750E-01 -7.87839130E+02
1.04388020E+03 8.87355500E-01 -7.88706080E+02
1.04383100E+03 9.05025450E-01 -7.89567690E+02
1.04378190E+03 9.22654960E-01 -7.90424770E+02
1.04373270E+03 9.41847370E-01 -7.91280170E+02
1.04368350E+03 9.61990070E-01 -7.92137230E+02
1.04363430E+03 9.80370380E-01 -7.92997730E+02
1.04358510E+03 9.93683810E-01 -7.93860950E+02
1.04353600E+03 9.99995190E-01 -7.94724110E+02
1.04348680E+03 1.00000000E+00 -7.95584000E+02
1.04343770E+03 9.96827280E-01 -7.96438950E+02
1.04338850E+03 9.94318930E-01 -7.97290180E+02
1.04333940E+03 9.94615250E-01 -7.98141650E+02
1.04329020E+03 9.96567020E-01 -7.98998020E+02
1.04324110E+03 9.96146640E-01 -7.99862020E+02
1.04319200E+03 9.88623830E-01 -8.00733060E+02
1.04314280E+03 9.71131110E-01 -8.01607630E+02
1.04309370E+03 9.44257090E-01 -8.02481100E+02
1.04304460E+03 9.11963500E-01 -8.03350010E+02
1.04299550E+03 8.79790300E-01 -8.04214290E+02
1.04294640E+03 8.52046160E-01 -8.05078180E+02
1.04289720E+03 8.29500810E-01 -8.05948730E+02
1.04284810E+03 8.09160250E-01 -8.06832330E+02
1.04279900E+03 7.86305600E-01 -8.07731680E+02
1.04275000E+03 7.57327790E-01 -8.08645240E+02
1.04270090E+03 7.21704730E-01 -8.09568620E+02
1.04265180E+03 6.82412940E-01 -8.10496790E+02
1.04260270E+03 6.44896500E-01 -8.11426330E+02
1.04255360E+03 6.15108190E-01 -8.12357200E+02
1.04250460E+03 5.97395000E-01 -8.13293000E+02
1.04245550E+03 5.93164420E-01 -8.14238490E+02
1.04240640E+03 6.00922440E-01 -8.15195740E+02
1.04235740E+03 6.17404550E-01 -8.16161870E+02
1.04230830E+03 6.39015850E-01 -8.17129870E+02
1.04225930E+03 6.63055670E-01 -8.18091230E+02
1.04221020E+03 6.88523580E-01 -8.19038680E+02
1.04216120E+03 7.16265290E-01 -8.19968240E+02
1.04211220E+03 7.48173770E-01 -8.20880300E+02
1.04206320E+03 7.85550130E-01 -8.21779210E+02
1.04201410E+03 8.27475770E-01 -8.22670980E+02
1.04196510E+03 8.70371730E-01 -8.23560330E+02
1.04191610E+03 9.09192350E-01 -8.24448930E+02
1.04186710E+03 9.39543680E-01 -8.25335600E+02
1.04181810E+03 9.59507620E-01 -8.26217820E+02
1.04176910E+03 9.70224890E-01 -8.27093640E+02
1.04172010E+03 9.74903320E-01 -8.27963320E+02
1.04167110E+03 9.76673720E-01 -8.28829880E+02
1.04162210E+03 9.76472420E-01 -8.29698170E+02
1.04157310E+03 9.72329270E-01 -8.30572720E+02
1.04152420E+03 9.60575990E-01 -8.31455810E+02
1.04147520E+03 9.38158550E-01 -8.32346970E+02
1.04142620E+03 9.04638470E-01 -8.33243900E+02
1.04137730E+03 8.62873880E-01 -8.34144180E+02
1.04132830E+03 8.18153090E-01 -8.35047060E+02
1.04127930E+03 7.76248620E-01 -8.35954790E+02
1.04123040E+03 7.41371140E-01 -8.36872430E+02
1.04118150E+03 7.15113470E-01 -8.37805700E+02
1.04113250E+03 6.96839840E-01 -8.38757780E+02
1.04108360E+03 6.84932360E-01 -8.39727110E+02
1.04103460E+03 6.77908080E-01 -8.40707400E+02
1.04098570E+03 6.74969090E-01 -8.41689530E+02
1.04093680E+03 6.76163150E-01 -8.42664290E+02
1.04088790E+03 6.82334580E-01 -8.43625090E+02
1.04083900E+03 6.94709600E-01 -8.44569830E+02
1.04079010E+03 7.13944410E-01 -8.45501090E+02
1.04074120E+03 7.38988520E-01 -8.46424380E+02
1.04069230E+03 7.66609790E-01 -8.47345230E+02
1.04064340E+03 7.92144510E-01 -8.48266820E+02
1.04059450E+03 8.11153220E-01 -8.49189440E+02
1.04054560E+03 8.21084700E-01 -8.50111380E+02
1.04049670E+03 8.22142460E-01 -8.51030550E+02
1.04044780E+03 8.16989150E-01 -8.51946010E+02
1.04039900E+03 8.09420010E-01 -8.52859020E+02
1.04035010E+03 8.02612350E-01 -8.53773010E+02
1.04030120E+03 7.97848430E-01 -8.54692300E+02
1.04025240E+03 7.94385280E-01 -8.55620030E+02
1.04020350E+03 7.90409670E-01 -8.56556720E+02
1.04015470E+03 7.84381560E-01 -8.57500130E+02
1.04010580E+03 7.76037070E-01 -8.58446250E+02
1.04005700E+03 7.66685910E-01 -8.59390900E+02
1.04000820E+03 7.58760390E-01 -8.60331320E+02
1.03995930E+03 7.54765700E-01 -8.61267330E+02
1.03991050E+03 7.56004920E-01 -8.62201320E+02
1.03986170E+03 7.61701220E-01 -8.63136880E+02
1.03981290E+03 7.69083660E-01 -8.64076730E+02
1.03976410E+03 7.74472930E-01 -8.65021400E+02
1.03971530E+03 7.74815380E-01 -8.65969090E+02
1.03966650E+03 7.68950990E-01 -8.66916650E+02
1.03961770E+03 7.58119020E-01 -8.67860990E+02
1.03956890E+03 7.45510890E-01 -8.68800560E+02
1.03952010E+03 7.34983010E-01 -8.69736460E+02
1.03947130E+03 7.29409940E-01 -8.70672380E+02
1.03942250E+03 7.29475570E-01 -8.71613040E+02
1.03937370E+03 7.33565490E-01 -8.72561690E+02
1.03932500E+03 7.38734920E-01 -8.73518480E+02
1.03927620E+03 7.42100100E-01 -8.74480470E+02
1.03922740E+03 7.41980320E-01 -8.75442860E+02
1.03917870E+03 7.38451540E-01 -8.76400870E+02
1.03912990E+03 7.33207240E-01 -8.77351360E+02
1.03908120E+03 7.28733260E-01 -8.78294200E+02
1.03903240E+03 7.27029100E-01 -8.79232420E+02
1.03898370E+03 7.28471580E-01 -8.80171020E+02
1.03893500E+03 7.31526180E-01 -8.81114730E+02
1.03888620E+03 7.33529190E-01 -8.82066000E+02
1.03883750E+03 7.32049980E-01 -8.83024420E+02
1.03878880E+03 7.26074730E-01 -8.83987340E+02
1.03874010E+03 7.16514840E-01 -8.84951180E+02
1.03869140E+03 7.05925980E-01 -8.85912890E+02
1.03864270E+03 6.97577770E-01 -8.86871170E+02
1.03859400E+03 6.94192950E-01 -8.87826990E+02
1.03854530E+03 6.96840840E-01 -8.88782930E+02
1.03849660E+03 7.04490980E-01 -8.89741570E+02
1.03844790E+03 7.14443200E-01 -8.90703920E+02
1.03839920E+03 7.23400880E-01 -8.91668810E+02
1.03835050E+03 7.28699950E-01 -8.92633440E+02
1.03830190E+03 7.29236610E-01 -8.93594540E+02
1.03825320E+03 7.25774920E-01 -8.94549760E+02
1.03820450E+03 7.20480120E-01 -8.95498840E+02
1.03815590E+03 7.15798490E-01 -8.96444210E+02
1.03810720E+03 7.13188740E-01 -8.97390340E+02
1.03805860E+03 7.12422130E-01 -8.98342020E+02
1.03800990E+03 7.11866900E-01 -8.99302250E+02
1.03796130E+03 7.09512700E-01 -9.00271170E+02
1.03791260E+03 7.04086900E-01 -9.01246180E+02
1.03786400E+03 6.95736970E-01 -9.02223090E+02
1.03781540E+03 6.86087910E-01 -9.03197620E+02
1.03776670E+03 6.77704200E-01 -9.04167030E+02
1.03771810E+03 6.73100300E-01 -9.05131280E+02
1.03766950E+03 6.73615370E-01 -9.06093010E+02
1.03762090E+03 6.78675790E-01 -9.07056110E+02
1.03757230E+03 6.85913610E-01 -9.08023610E+02
1.03752370E+03 6.92138980E-01 -9.08996200E+02
1.03747510E+03 6.94663610E-01 -9.09972220E+02
1.03742650E+03 6.92359000E-01 -9.10948620E+02
1.03737790E+03 6.86047420E-01 -9.11922350E+02
1.03732930E+03 6.78108860E-01 -9.12891740E+02
1.03728080E+03 6.71452270E-01 -9.13857380E+02
1.03723220E+03 6.68260670E-01 -9.14822070E+02
1.03718360E+03 6.69087290E-01 -9.15789560E+02
1.03713500E+03 6.72746490E-01 -9.16762620E+02
1.03708650E+03 6.76990970E-01 -9.17741750E+02
1.03703790E+03 6.79554420E-01 -9.18725000E+02
1.03698940E+03 6.79075200E-01 -9.19708940E+02
1.03694080E+03 6.75590430E-01 -9.20689980E+02
1.03689230E+03 6.70470560E-01 -9.21665740E+02
1.03684380E+03 6.65812010E-01 -9.22636050E+02
1.03679520E+03 6.63490380E-01 -9.23603180E+02
1.03674670E+03 6.64280480E-01 -9.24571030E+02
1.03669820E+03 6.67494960E-01 -9.25543420E+02
1.03664970E+03 6.71329500E-01 -9.26522450E+02
1.03660110E+03 6.73693170E-01 -9.27507790E+02
1.03655260E+03 6.73090810E-01 -9.28496980E+02
1.03650410E+03 6.69203810E-01 -9.29486480E+02
1.03645560E+03 6.63007760E-01 -9.30472840E+02
1.03640710E+03 6.56417910E-01 -9.31454010E+02
1.03635860E+03 6.51561860E-01 -9.32430120E+02
1.03631010E+03 6.49906630E-01 -9.33403600E+02
1.03626170E+03 6.51602260E-01 -9.34378140E+02
1.03621320E+03 6.55396210E-01 -9.35357150E+02
1.03616470E+03 6.59201580E-01 -9.36342320E+02
1.03611620E+03 6.61032000E-01 -9.37333140E+02
1.03606780E+03 6.59843950E-01 -9.38327310E+02
1.03601930E+03 6.55938520E-01 -9.39321610E+02
1.03597090E+03 6.50815600E-01 -9.40313000E+02
1.03592240E+03 6.46575280E-01 -9.41299710E+02
1.03587400E+03 6.45075730E-01 -9.42281900E+02
1.03582550E+03 6.47130650E-01 -9.43261650E+02
1.03577710E+03 6.52078210E-01 -9.44241970E+02
1.03572860E+03 6.57966730E-01 -9.45225460E+02
1.03568020E+03 6.62319970E-01 -9.46213300E+02
1.03563180E+03 6.63132580E-01 -9.47204980E+02
1.03558340E+03 6.59650510E-01 -9.48198730E+02
1.03553500E+03 6.52645910E-01 -9.49192250E+02
1.03548660E+03 6.44138260E-01 -9.50183600E+02
1.03543810E+03 6.36690580E-01 -9.51172030E+02
1.03538970E+03 6.32506130E-01 -9.52158370E+02
1.03534130E+03 6.32621090E-01 -9.53144810E+02
1.03529300E+03 6.36515070E-01 -9.54133900E+02
1.03524460E+03 6.42331910E-01 -9.55127300E+02
1.03519620E+03 6.47615590E-01 -9.56125020E+02
1.03514780E+03 6.50223460E-01 -9.57125470E+02
1.03509940E+03 6.49054080E-01 -9.58126140E+02
1.03505110E+03 6.44368620E-01 -9.59124440E+02
1.03500270E+03 6.37643200E-01 -9.60118650E+02
1.03495430E+03 6.31005490E-01 -9.61108690E+02
1.03490600E+03 6.26422520E-01 -9.62096360E+02
1.03485760E+03 6.24938000E-01 -9.63084840E+02
1.03480930E+03 6.26305030E-01 -9.64077340E+02
1.03476090E+03 6.29188230E-01 -9.65075770E+02
1.03471260E+03 6.31792460E-01 -9.66079870E+02
1.03466430E+03 6.32583170E-01 -9.67087480E+02
1.03461590E+03 6.30819530E-01 -9.68095360E+02
1.03456760E+03 6.26777850E-01 -9.69100300E+02
1.03451930E+03 6.21637310E-01 -9.70100300E+02
1.03447100E+03 6.17042350E-01 -9.71095380E+02
1.03442270E+03 6.14447470E-01 -9.72087680E+02
1.03437440E+03 6.14499900E-01 -9.73080740E+02
1.03432610E+03 6.16767650E-01 -9.74077990E+02
1.03427780E+03 6.19945960E-01 -9.75081340E+02
1.03422950E+03 6.22396240E-01 -9.76090460E+02
1.03418120E+03 6.22745280E-01 -9.77103140E+02
1.03413290E+03 6.20345370E-01 -9.78116140E+02
1.03408460E+03 6.15502850E-01 -9.79126450E+02
1.03403630E+03 6.09421320E-01 -9.80132300E+02
1.03398810E+03 6.03831600E-01 -9.81133850E+02
1.03393980E+03 6.00382270E-01 -9.82133120E+02
1.03389150E+03 6.00012840E-01 -9.83133240E+02
1.03384330E+03 6.02587520E-01 -9.84137010E+02
1.03379500E+03 6.06946110E-01 -9.85145770E+02
1.03374680E+03 6.11325760E-01 -9.86158950E+02
1.03369850E+03 6.13980440E-01 -9.87174510E+02
1.03365030E+03 6.13796480E-01 -9.88189770E+02
1.03360210E+03 6.10708340E-01 -9.89202410E+02
1.03355380E+03 6.05751230E-01 -9.90211160E+02
1.03350560E+03 6.00689550E-01 -9.91216230E+02
1.03345740E+03 5.97331070E-01 -9.92219290E+02
1.03340920E+03 5.96796620E-01 -9.93222960E+02
1.03336100E+03 5.99062480E-01 -9.94229830E+02
1.03331280E+03 6.02980120E-01 -9.95241580E+02
1.03326460E+03 6.06758020E-01 -9.96258370E+02
1.03321640E+03 6.08688450E-01 -9.97278910E+02
1.03316820E+03 6.07818030E-01 -9.98300860E+02
1.03312000E+03 6.04309560E-01 -9.99321550E+02
1.03307180E+03 5.99377000E-01 -1.00033860E+03
1.03302360E+03 5.94827410E-01 -1.00135090E+03
1.03297540E+03 5.92362350E-01 -1.00235880E+03
1.03292730E+03 5.92874240E-01 -1.00336470E+03
1.03287910E+03 5.96023000E-01 -1.00437170E+03
1.03283090E+03 6.00327550E-01 -1.00538290E+03
1.03278280E+03 6.03783400E-01 -1.00640000E+03
1.03273460E+03 6.04723650E-01 -1.00742280E+03
1.03268650E+03 6.02507010E-01 -1.00844920E+03
1.03263830E+03 5.97743340E-01 -1.00947600E+03
1.03259020E+03 5.92026820E-01 -1.01049980E+03
1.03254210E+03 5.87340700E-01 -1.01151830E+03
1.03249390E+03 5.85345150E-01 -1.01253100E+03
1.03244580E+03 5.86745330E-01 -1.01354040E+03
1.03239770E+03 5.90961690E-01 -1.01455030E+03
1.03234960E+03 5.96306240E-01 -1.01556470E+03
1.03230140E+03 6.00653610E-01 -1.01658580E+03
1.03225330E+03 6.02288030E-01 -1.01761350E+03
1.03220520E+03 6.00510910E-01 -1.01864550E+03
1.03215710E+03 5.95792810E-01 -1.01967780E+03
1.03210900E+03 5.89526770E-01 -1.02070640E+03
1.03206090E+03 5.83557220E-01 -1.02172870E+03
1.03201290E+03 5.79608940E-01 -1.02274460E+03
1.03196480E+03 5.78707430E-01 -1.02375690E+03
1.03191670E+03 5.80776520E-01 -1.02477000E+03
1.03186860E+03 5.84652510E-01 -1.02578820E+03
1.03182060E+03 5.88557890E-01 -1.02681360E+03
1.03177250E+03 5.90778080E-01 -1.02784590E+03
1.03172440E+03 5.90212490E-01 -1.02888230E+03
1.03167640E+03 5.86652020E-01 -1.02991900E+03
1.03162830E+03 5.80811110E-01 -1.03095230E+03
1.03158030E+03 5.74152990E-01 -1.03198000E+03
1.03153220E+03 5.68487460E-01 -1.03300220E+03
1.03148420E+03 5.65369420E-01 -1.03402130E+03
1.03143620E+03 5.65500250E-01 -1.03504110E+03
1.03138810E+03 5.68432560E-01 -1.03606530E+03
1.03134010E+03 5.72734940E-01 -1.03709560E+03
1.03129210E+03 5.76512050E-01 -1.03813180E+03
1.03124410E+03 5.78045950E-01 -1.03917160E+03
1.03119610E+03 5.76359730E-01 -1.04021190E+03
1.03114810E+03 5.71561000E-01 -1.04124970E+03
1.03110010E+03 5.64847380E-01 -1.04228300E+03
1.03105210E+03 5.58118070E-01 -1.04331130E+03
1.03100410E+03 5.53280200E-01 -1.04433590E+03
1.03095610E+03 5.51511760E-01 -1.04535960E+03
1.03090810E+03 5.52819320E-01 -1.04638600E+03
1.03086010E+03 5.56107380E-01 -1.04741760E+03
1.03081220E+03 5.59702530E-01 -1.04845570E+03
1.03076420E+03 5.62042900E-01 -1.04949940E+03
1.03071620E+03 5.62210520E-01 -1.05054630E+03
1.03066830E+03 5.60130780E-01 -1.05159330E+03
1.03062030E+03 5.56455170E-01 -1.05263680E+03
1.03057240E+03 5.52257090E-01 -1.05367450E+03
1.03052440E+03 5.48667320E-01 -1.05470600E+03
1.03047650E+03 5.46528780E-01 -1.05573330E+03
1.03042850E+03 5.46154220E-01 -1.05676020E+03
1.03038060E+03 5.47290060E-01 -1.05779080E+03
1.03033270E+03 5.49303260E-01 -1.05882790E+03
1.03028470E+03 5.51446000E-01 -1.05987200E+03
1.03023680E+03 5.53017920E-01 -1.06092120E+03
1.03018890E+03 5.53408760E-01 -1.06197170E+03
1.03014100E+03 5.52166630E-01 -1.06301980E+03
1.03009310E+03 5.49184030E-01 -1.06406270E+03
1.03004520E+03 5.44889200E-01 -1.06509970E+03
1.02999730E+03 5.40228540E-01 -1.06613230E+03
1.02994940E+03 5.36357330E-01 -1.06716370E+03
1.02990150E+03 5.34183100E-01 -1.06819770E+03
1.02985360E+03 5.34003750E-01 -1.06923740E+03
1.02980570E+03 5.35394030E-01 -1.07028360E+03
1.02975790E+03 5.37354780E-01 -1.07133550E+03
1.02971000E+03 5.38667930E-01 -1.07239040E+03
1.02966210E+03 5.38359180E-01 -1.07344560E+03
1.02961430E+03 5.36105390E-01 -1.07449830E+03
1.02956640E+03 5.32396990E-01 -1.07554710E+03
1.02951850E+03 5.28349850E-01 -1.07659140E+03
1.02947070E+03 5.25228260E-01 -1.07763250E+03
1.02942280E+03 5.23894100E-01 -1.07867230E+03
1.02937500E+03 5.24447390E-01 -1.07971350E+03
1.02932720E+03 5.26232960E-01 -1.08075840E+03
1.02927930E+03 5.28192880E-01 -1.08180830E+03
1.02923150E+03 5.29360300E-01 -1.08286300E+03
1.02918370E+03 5.29233000E-01 -1.08392100E+03
1.02913590E+03 5.27867560E-01 -1.08497980E+03
1.02908810E+03 5.25717740E-01 -1.08603650E+03
1.02904020E+03 5.23371660E-01 -1.08708900E+03
1.02899240E+03 5.21337550E-01 -1.08813700E+03
1.02894460E+03 5.19933730E-01 -1.08918190E+03
1.02889680E+03 5.19268010E-01 -1.09022660E+03
1.02884910E+03 5.19280670E-01 -1.09127450E+03
1.02880130E+03 5.19810320E-01 -1.09232740E+03
1.02875350E+03 5.20617630E-01 -1.09338540E+03
1.02870570E+03 5.21347540E-01 -1.09444660E+03
1.02865790E+03 5.21523320E-01 -1.09550810E+03
1.02861020E+03 5.20694390E-01 -1.09656740E+03
1.02856240E+03 5.18717410E-01 -1.09762360E+03
1.02851460E+03 5.15977650E-01 -1.09867700E+03
1.02846690E+03 5.13347860E-01 -1.09972960E+03
1.02841910E+03 5.11845970E-01 -1.10078320E+03
1.02837140E+03 5.12142880E-01 -1.10183920E+03
1.02832360E+03 5.14168420E-01 -1.10289770E+03
1.02827590E+03 5.17041050E-01 -1.10395800E+03
1.02822820E+03 5.19409660E-01 -1.10501920E+03
1.02818040E+03 5.20079130E-01 -1.10608110E+03
1.02813270E+03 5.18608760E-01 -1.10714350E+03
1.02808500E+03 5.15557400E-01 -1.10820660E+03
1.02803730E+03 5.12227030E-01 -1.10926990E+03
1.02798960E+03 5.10026070E-01 -1.11033240E+03
1.02794190E+03 5.09785330E-01 -1.11139300E+03
1.02789410E+03 5.11386480E-01 -1.11245120E+03
1.02784640E+03 5.13881260E-01 -1.11350780E+03
1.02779880E+03 5.16010040E-01 -1.11456480E+03
1.02775110E+03 5.16835300E-01 -1.11562490E+03
1.02770340E+03 5.16165800E-01 -1.11668990E+03
1.02765570E+03 5.14553400E-01 -1.11776010E+03
1.02760800E+03 5.12870490E-01 -1.11883370E+03
1.02756040E+03 5.11738820E-01 -1.11990730E+03
1.02751270E+03 5.11197780E-01 -1.12097750E+03
1.02746500E+03 5.10821680E-01 -1.12204250E+03
1.02741740E+03 5.10144150E-01 -1.12310270E+03
1.02736970E+03 5.09046380E-01 -1.12416050E+03
1.02732210E+03 5.07858230E-01 -1.12521940E+03
1.02727440E+03 5.07151320E-01 -1.12628260E+03
1.02722680E+03 5.07374260E-01 -1.12735160E+03
1.02717910E+03 5.08536480E-01 -1.12842630E+03
1.02713150E+03 5.10114140E-01 -1.12950460E+03
1.02708390E+03 5.11242850E-01 -1.13058390E+03
1.02703620E+03 5.11104220E-01 -1.13166140E+03
1.02698860E+03 5.09302780E-01 -1.13273520E+03
1.02694100E+03 5.06049030E-01 -1.13380430E+03
1.02689340E+03 5.02087920E-01 -1.13486940E+03
1.02684580E+03 4.98442810E-01 -1.13593260E+03
1.02679820E+03 4.96112810E-01 -1.13699720E+03
1.02675060E+03 4.95837100E-01 -1.13806670E+03
1.02670300E+03 4.97932430E-01 -1.13914300E+03
1.02665540E+03 5.02118560E-01 -1.14022540E+03
1.02660780E+03 5.07328960E-01 -1.14131100E+03
1.02656030E+03 5.11733670E-01 -1.14239560E+03
1.02651270E+03 5.13251040E-01 -1.14347610E+03
1.02646510E+03 5.10490610E-01 -1.14455170E+03
1.02641750E+03 5.03645470E-01 -1.14562380E+03
1.02637000E+03 4.94770870E-01 -1.14669580E+03
1.02632240E+03 4.87183430E-01 -1.14777070E+03
1.02627490E+03 4.84129430E-01 -1.14885000E+03
1.02622730E+03 4.87227450E-01 -1.14993180E+03
1.02617980E+03 4.95447370E-01 -1.15101310E+03
1.02613220E+03 5.05317610E-01 -1.15209180E+03
1.02608470E+03 5.12427450E-01 -1.15316840E+03
1.02603720E+03 5.13502310E-01 -1.15424590E+03
1.02598960E+03 5.08008290E-01 -1.15532830E+03
1.02594210E+03 4.98466080E-01 -1.15641760E+03
1.02589460E+03 4.89212540E-01 -1.15751240E+03
1.02584710E+03 4.84147590E-01 -1.15860690E+03
1.02579960E+03 4.84768900E-01 -1.15969440E+03
1.02575210E+03 4.89728080E-01 -1.16077110E+03
1.02570460E+03 4.95955690E-01 -1.16183950E+03
1.02565710E+03 5.00388920E-01 -1.16290690E+03
1.02560960E+03 5.01416380E-01 -1.16398160E+03
1.02556210E+03 4.99533440E-01 -1.16506930E+03
1.02551460E+03 4.96840590E-01 -1.16617020E+03
1.02546710E+03 4.95470670E-01 -1.16727830E+03
1.02541970E+03 4.95984250E-01 -1.16838460E+03
1.02537220E+03 4.97112000E-01 -1.16948150E+03
1.02532470E+03 4.97023270E-01 -1.17056700E+03
1.02527730E+03 4.94866160E-01 -1.17164400E+03
1.02522980E+03 4.91368420E-01 -1.17271890E+03
1.02518240E+03 4.88322380E-01 -1.17379780E+03
1.02513490E+03 4.87490470E-01 -1.17488430E+03
1.02508750E+03 4.89581980E-01 -1.17597840E+03
1.02504000E+03 4.93820890E-01 -1.17707760E+03
1.02499260E+03 4.98351790E-01 -1.17817880E+03
1.02494520E+03 5.01240190E-01 -1.17927960E+03
1.02489780E+03 5.01412340E-01 -1.18037880E+03
1.02485030E+03 4.98970940E-01 -1.18147530E+03
1.02480290E+03 4.94842360E-01 -1.18256840E+03
1.02475550E+03 4.90177500E-01 -1.18365810E+03
1.02470810E+03 4.85971130E-01 -1.18474600E+03
1.02466070E+03 4.83039150E-01 -1.18583520E+03
1.02461330E+03 4.82143000E-01 -1.18692920E+03
1.02456590E+03 4.83916400E-01 -1.18802940E+03
1.02451850E+03 4.88395560E-01 -1.18913450E+03
1.02447110E+03 4.94394740E-01 -1.19024060E+03
1.02442370E+03 4.99413230E-01 -1.19134400E+03
1.02437640E+03 5.00582930E-01 -1.19244350E+03
1.02432900E+03 4.96320010E-01 -1.19354170E+03
1.02428160E+03 4.87659440E-01 -1.19464300E+03
1.02423430E+03 4.78291420E-01 -1.19575080E+03
1.02418690E+03 4.72916710E-01 -1.19686400E+03
1.02413950E+03 4.74522510E-01 -1.19797620E+03
1.02409220E+03 4.82292110E-01 -1.19907960E+03
1.02404480E+03 4.91839200E-01 -1.20017140E+03
1.02399750E+03 4.97681080E-01 -1.20125640E+03
1.02395020E+03 4.96349090E-01 -1.20234450E+03
1.02390280E+03 4.88557050E-01 -1.20344660E+03
1.02385550E+03 4.79243990E-01 -1.20456810E+03
1.02380820E+03 4.74735890E-01 -1.20570350E+03
1.02376090E+03 4.78099390E-01 -1.20683740E+03
1.02371350E+03 4.86517410E-01 -1.20795450E+03
1.02366620E+03 4.93430150E-01 -1.20905060E+03
1.02361890E+03 4.93181650E-01 -1.21013390E+03
1.02357160E+03 4.84466040E-01 -1.21121960E+03
1.02352430E+03 4.71259230E-01 -1.21232240E+03
1.02347700E+03 4.61116990E-01 -1.21344860E+03
1.02342970E+03 4.60734720E-01 -1.21458930E+03
1.02338250E+03 4.70775580E-01 -1.21572520E+03
1.02333520E+03 4.84799110E-01 -1.21684180E+03
1.02328790E+03 4.93775840E-01 -1.21793960E+03
1.02324060E+03 4.91862290E-01 -1.21903050E+03
1.02319340E+03 4.79623890E-01 -1.22013010E+03
1.02314610E+03 4.63845380E-01 -1.22125060E+03
1.02309880E+03 4.53897880E-01 -1.22239150E+03
1.02305160E+03 4.55608100E-01 -1.22353710E+03
1.02300430E+03 4.66883950E-01 -1.22466790E+03
1.02295710E+03 4.79566510E-01 -1.22577640E+03
1.02290980E+03 4.85391260E-01 -1.22687080E+03
1.02286260E+03 4.80824820E-01 -1.22796710E+03
1.02281540E+03 4.68712040E-01 -1.22908060E+03
1.02276810E+03 4.56645190E-01 -1.23021800E+03
1.02272090E+03 4.52206630E-01 -1.23137090E+03
1.02267370E+03 4.57402030E-01 -1.23251980E+03
1.02262650E+03 4.67287070E-01 -1.23364930E+03
1.02257930E+03 4.74234710E-01 -1.23475890E+03
1.02253210E+03 4.73289990E-01 -1.23585980E+03
1.02248490E+03 4.64804850E-01 -1.23696740E+03
1.02243770E+03 4.53934560E-01 -1.23809280E+03
1.02239050E+03 4.47535530E-01 -1.23923630E+03
1.02234330E+03 4.49592700E-01 -1.24038610E+03
1.02229610E+03 4.58272330E-01 -1.24152740E+03
1.02224890E+03 4.67448860E-01 -1.24265390E+03
1.02220170E+03 4.71174820E-01 -1.24377060E+03
1.02215460E+03 4.67303540E-01 -1.24488810E+03
1.02210740E+03 4.58388850E-01 -1.24601640E+03
1.02206020E+03 4.49855870E-01 -1.24715850E+03
1.02201310E+03 4.46398160E-01 -1.24830780E+03
1.02196590E+03 4.48859190E-01 -1.24945290E+03
1.02191880E+03 4.54122050E-01 -1.25058630E+03
1.02187160E+03 4.57881580E-01 -1.25170940E+03
1.02182450E+03 4.57667140E-01 -1.25283020E+03
1.02177740E+03 4.54129860E-01 -1.25395800E+03
1.02173020E+03 4.50273910E-01 -1.25509720E+03
1.02168310E+03 4.49227590E-01 -1.25624560E+03
1.02163600E+03 4.51913700E-01 -1.25739560E+03
1.02158890E+03 4.56381250E-01 -1.25854040E+03
1.02154170E+03 4.59344360E-01 -1.25967850E+03
1.02149460E+03 4.58542470E-01 -1.26081360E+03
1.02144750E+03 4.54160470E-01 -1.26195190E+03
1.02140040E+03 4.48573370E-01 -1.26309720E+03
1.02135330E+03 4.44721590E-01 -1.26424900E+03
1.02130620E+03 4.44157290E-01 -1.26540250E+03
1.02125910E+03 4.46108400E-01 -1.26655250E+03
1.02121210E+03 4.48209020E-01 -1.26769760E+03
1.02116500E+03 4.48209190E-01 -1.26884050E+03
1.02111790E+03 4.45391790E-01 -1.26998640E+03
1.02107080E+03 4.40884980E-01 -1.27113930E+03
1.02102380E+03 4.36787100E-01 -1.27229960E+03
1.02097670E+03 4.34672500E-01 -1.27346360E+03
1.02092960E+03 4.34514210E-01 -1.27462600E+03
1.02088260E+03 4.34836230E-01 -1.27578350E+03
1.02083550E+03 4.33905080E-01 -1.27693650E+03
1.02078850E+03 4.30980020E-01 -1.27808850E+03
1.02074140E+03 4.26777530E-01 -1.27924310E+03
1.02069440E+03 4.22945750E-01 -1.28040220E+03
1.02064740E+03 4.20944850E-01 -1.28156460E+03
1.02060030E+03 4.21100770E-01 -1.28272700E+03
1.02055330E+03 4.22497000E-01 -1.28388710E+03
1.02050630E+03 4.23711070E-01 -1.28504480E+03
1.02045930E+03 4.23757910E-01 -1.28620210E+03
1.02041230E+03 4.22573500E-01 -1.28736150E+03
1.02036530E+03 4.20826350E-01 -1.28852420E+03
1.02031830E+03 4.19323730E-01 -1.28968990E+03
1.02027130E+03 4.18502860E-01 -1.29085740E+03
1.02022430E+03 4.18349570E-01 -1.29202560E+03
1.02017730E+03 4.18671730E-01 -1.29319450E+03
1.02013030E+03 4.19357310E-01 -1.29436420E+03
1.02008330E+03 4.20348890E-01 -1.29553520E+03
1.02003630E+03 4.21423260E-01 -1.29670730E+03
1.01998940E+03 4.22097730E-01 -1.29788050E+03
1.01994240E+03 4.21869950E-01 -1.29905570E+03
1.01989540E+03 4.20651660E-01 -1.30023450E+03
1.01984850E+03 4.18997680E-01 -1.30141780E+03
1.01980150E+03 4.17805660E-01 -1.30260500E+03
1.01975460E+03 4.17581020E-01 -1.30379340E+03
1.01970760E+03 4.17841470E-01 -1.30498000E+03
1.01966070E+03 4.17260290E-01 -1.30616350E+03
1.01961370E+03 4.14549180E-01 -1.30734560E+03
1.01956680E+03 4.09443450E-01 -1.30852980E+03
1.01951990E+03 4.03060810E-01 -1.30971970E+03
1.01947300E+03 3.97300580E-01 -1.31091570E+03
1.01942600E+03 3.93567970E-01 -1.31211430E+03
1.01937910E+03 3.91712280E-01 -1.31331060E+03
1.01933220E+03 3.90083880E-01 -1.31450170E+03
1.01928530E+03 3.86727960E-01 -1.31568900E+03
1.01923840E+03 3.80802120E-01 -1.31687770E+03
1.01919150E+03 3.73231570E-01 -1.31807280E+03
1.01914460E+03 3.66150680E-01 -1.31927620E+03
1.01909770E+03 3.61386110E-01 -1.32048410E+03
1.01905080E+03 3.59018950E-01 -1.32168970E+03
1.01900390E+03 3.57268200E-01 -1.32288820E+03
1.01895710E+03 3.53862240E-01 -1.32408020E+03
1.01891020E+03 3.47746390E-01 -1.32527100E+03
1.01886330E+03 3.39872520E-01 -1.32646670E+03
1.01881650E+03 3.32594700E-01 -1.32766980E+03
1.01876960E+03 3.28035170E-01 -1.32887690E+03
1.01872280E+03 3.26539240E-01 -1.33008110E+03
1.01867590E+03 3.26484690E-01 -1.33127790E+03
1.01862910E+03 3.25607280E-01 -1.33246880E+03
1.01858220E+03 3.22699170E-01 -1.33366040E+03
1.01853540E+03 3.18456030E-01 -1.33486030E+03
1.01848850E+03 3.14969400E-01 -1.33607220E+03
1.01844170E+03 3.14129220E-01 -1.33729270E+03
1.01839490E+03 3.16029010E-01 -1.33851450E+03
1.01834810E+03 3.18767180E-01 -1.33973240E+03
1.01830120E+03 3.19884790E-01 -1.34094750E+03
1.01825440E+03 3.18172460E-01 -1.34216580E+03
1.01820760E+03 3.14449940E-01 -1.34339300E+03
1.01816080E+03 3.10817860E-01 -1.34463060E+03
1.01811400E+03 3.08912540E-01 -1.34587370E+03
1.01806720E+03 3.08543670E-01 -1.34711490E+03
1.01802040E+03 3.07935380E-01 -1.34835050E+03
1.01797360E+03 3.05292820E-01 -1.34958280E+03
1.01792690E+03 3.00261580E-01 -1.35081810E+03
1.01788010E+03 2.94190740E-01 -1.35206160E+03
1.01783330E+03 2.89096180E-01 -1.35331370E+03
1.01778650E+03 2.86096590E-01 -1.35456930E+03
1.01773980E+03 2.84582270E-01 -1.35582250E+03
1.01769300E+03 2.82831650E-01 -1.35707160E+03
1.01764630E+03 2.79444820E-01 -1.35832000E+03
1.01759950E+03 2.74343840E-01 -1.35957320E+03
1.01755280E+03 2.68647780E-01 -1.36083450E+03
1.01750600E+03 2.63628970E-01 -1.36210240E+03
1.01745930E+03 2.59638240E-01 -1.36337230E+03
1.01741250E+03 2.55934730E-01 -1.36464060E+03
1.01736580E+03 2.51500700E-01 -1.36590740E+03
1.01731910E+03 2.45978480E-01 -1.36717570E+03
1.01727240E+03 2.39868360E-01 -1.36844780E+03
1.01722560E+03 2.33897080E-01 -1.36972290E+03
1.01717890E+03 2.28244510E-01 -1.37099780E+03
1.01713220E+03 2.22450040E-01 -1.37227060E+03
1.01708550E+03 2.16072510E-01 -1.37354240E+03
1.01703880E+03 2.09324990E-01 -1.37481580E+03
1.01699210E+03 2.02946080E-01 -1.37609170E+03
1.01694540E+03 1.97404330E-01 -1.37736740E+03
1.01689870E+03 1.92306940E-01 -1.37863950E+03
1.01685210E+03 1.86749240E-01 -1.37990870E+03
1.01680540E+03 1.80315960E-01 -1.38118020E+03
1.01675870E+03 1.73707910E-01 -1.38246020E+03
1.01671200E+03 1.68254030E-01 -1.38374870E+03
1.01666540E+03 1.64578590E-01 -1.38503800E+03
1.01661870E+03 1.61741720E-01 -1.38631940E+03
1.01657200E+03 1.57922300E-01 -1.38759220E+03
1.01652540E+03 1.52029210E-01 -1.38886540E+03
1.01647870E+03 1.44753480E-01 -1.39015170E+03
1.01643210E+03 1.38170850E-01 -1.39145620E+03
1.01638550E+03 1.33981810E-01 -1.39276910E+03
1.01633880E+03 1.31794890E-01 -1.39407280E+03
1.01629220E+03 1.29389840E-01 -1.39535880E+03
1.01624560E+03 1.24760520E-01 -1.39663590E+03
1.01619890E+03 1.17870530E-01 -1.39792320E+03
1.01615230E+03 1.10831300E-01 -1.39923510E+03
1.01610570E+03 1.06275540E-01 -1.40056620E+03
1.01605910E+03 1.04816230E-01 -1.40188930E+03
1.01601250E+03 1.04250520E-01 -1.40318300E+03
1.01596590E+03 1.01668090E-01 -1.40445240E+03
1.01591930E+03 9.59810940E-02 -1.40572310E+03
1.01587270E+03 8.88595390E-02 -1.40702400E+03
1.01582610E+03 8.36943060E-02 -1.40836300E+03
1.01577950E+03 8.26083760E-02 -1.40970770E+03
1.01573290E+03 8.40150000E-02 -1.41101480E+03
1.01568640E+03 8.42400230E-02 -1.41227890E+03
1.01563980E+03 8.09458530E-02 -1.41353040E+03
1.01559320E+03 7.48627300E-02 -1.41481210E+03
1.01554670E+03 6.94835640E-02 -1.41615120E+03
1.01550010E+03 6.83266130E-02 -1.41752090E+03
1.01545350E+03 7.09190640E-02 -1.41885350E+03
1.01540700E+03 7.31510650E-02 -1.42012530E+03
1.01536040E+03 7.15464260E-02 -1.42136840E+03
1.01531390E+03 6.58703050E-02 -1.42263640E+03
1.01526740E+03 5.94227560E-02 -1.42397700E+03
1.01522080E+03 5.69387110E-02 -1.42538030E+03
1.01517430E+03 5.94767250E-02 -1.42675360E+03
1.01512780E+03 6.28708030E-02 -1.42804220E+03
1.01508120E+03 6.27378770E-02 -1.42927820E+03
1.01503470E+03 5.79487320E-02 -1.43052490E+03
1.01498820E+03 5.11424900E-02 -1.43184780E+03
1.01494170E+03 4.74162700E-02 -1.43326470E+03
1.01489520E+03 4.93710910E-02 -1.43467380E+03
1.01484870E+03 5.33996380E-02 -1.43598040E+03
1.01480220E+03 5.45008870E-02 -1.43721010E+03
1.01475570E+03 5.07250380E-02 -1.43843500E+03
1.01470920E+03 4.39526890E-02 -1.43973570E+03
1.01466270E+03 3.93126660E-02 -1.44116430E+03
1.01461630E+03 4.09013020E-02 -1.44261840E+03
1.01456980E+03 4.58094140E-02 -1.44395020E+03
1.01452330E+03 4.83541790E-02 -1.44517970E+03
1.01447690E+03 4.57913830E-02 -1.44639290E+03
1.01443040E+03 3.94015980E-02 -1.44768480E+03
1.01438390E+03 3.43920870E-02 -1.44913330E+03
1.01433750E+03 3.59169090E-02 -1.45062990E+03
1.01429100E+03 4.12008810E-02 -1.45197560E+03
1.01424460E+03 4.39634500E-02 -1.45319360E+03
1.01419820E+03 4.13008170E-02 -1.45438610E+03
1.01415170E+03 3.45565890E-02 -1.45566470E+03
1.01410530E+03 2.93634310E-02 -1.45713860E+03
1.01405890E+03 3.16895830E-02 -1.45867060E+03
1.01401240E+03 3.81640460E-02 -1.46000530E+03
1.01396600E+03 4.18670550E-02 -1.46119740E+03
1.01391960E+03 3.97384420E-02 -1.46236770E+03
1.01387320E+03 3.29959380E-02 -1.46363570E+03
1.01382680E+03 2.75536780E-02 -1.46513150E+03
1.01378040E+03 3.02510020E-02 -1.46670150E+03
1.01373400E+03 3.73161730E-02 -1.46804440E+03
1.01368760E+03 4.12102590E-02 -1.46923380E+03
1.01364120E+03 3.88649900E-02 -1.47040090E+03
1.01359480E+03 3.17017180E-02 -1.47167100E+03
1.01354840E+03 2.60034860E-02 -1.47318880E+03
1.01350210E+03 2.89210210E-02 -1.47477960E+03
1.01345570E+03 3.60534470E-02 -1.47611680E+03
1.01340930E+03 3.96341070E-02 -1.47729620E+03
1.01336300E+03 3.67434670E-02 -1.47845680E+03
1.01331660E+03 2.89982800E-02 -1.47973440E+03
1.01327020E+03 2.32410310E-02 -1.48130400E+03
1.01322390E+03 2.69931850E-02 -1.48292770E+03
1.01317750E+03 3.44330690E-02 -1.48424590E+03
1.01313120E+03 3.76774840E-02 -1.48540670E+03
1.01308490E+03 3.42858860E-02 -1.48655860E+03
1.01303850E+03 2.63335970E-02 -1.48784870E+03
1.01299220E+03 2.12458550E-02 -1.48946340E+03
1.01294590E+03 2.57622700E-02 -1.49107410E+03
1.01289960E+03 3.25875110E-02 -1.49235750E+03
1.01285320E+03 3.44849090E-02 -1.49350110E+03
1.01280690E+03 2.98426210E-02 -1.49465640E+03
1.01276060E+03 2.16372400E-02 -1.49600180E+03
1.01271430E+03 1.84994740E-02 -1.49772080E+03
1.01266800E+03 2.45596220E-02 -1.49926840E+03
1.01262170E+03 3.05677790E-02 -1.50048180E+03
1.01257540E+03 3.10255050E-02 -1.50159350E+03
1.01252910E+03 2.54523790E-02 -1.50275040E+03
1.01248280E+03 1.75974580E-02 -1.50416820E+03
1.01243660E+03 1.66604420E-02 -1.50597130E+03
1.01239030E+03 2.33187830E-02 -1.50744500E+03
1.01234400E+03 2.80414900E-02 -1.50862220E+03
1.01229780E+03 2.69617420E-02 -1.50973640E+03
1.01225150E+03 2.06252460E-02 -1.51093770E+03
1.01220520E+03 1.39347630E-02 -1.51250090E+03
1.01215900E+03 1.57366160E-02 -1.51432200E+03
1.01211270E+03 2.19728100E-02 -1.51567740E+03
1.01206650E+03 2.47793700E-02 -1.51680810E+03
1.01202020E+03 2.20997050E-02 -1.51791400E+03
1.01197400E+03 1.53996720E-02 -1.51916890E+03
1.01192780E+03 1.08633310E-02 -1.52093680E+03
1.01188150E+03 1.52991390E-02 -1.52266100E+03
1.01183530E+03 2.07807330E-02 -1.52388310E+03
1.01178910E+03 2.18602110E-02 -1.52496180E+03
1.01174290E+03 1.77207870E-02 -1.52606510E+03
1.01169670E+03 1.07889520E-02 -1.52745540E+03
1.01165050E+03 9.95980210E-03 -1.52950830E+03
1.01160430E+03 1.66972960E-02 -1.53098670E+03
1.01155810E+03 2.13512070E-02 -1.53210080E+03
1.01151190E+03 2.08725730E-02 -1.53315880E+03
1.01146570E+03 1.55734300E-02 -1.53430980E+03
1.01141950E+03 9.49748400E-03 -1.53591370E+03
1.01137330E+03 1.19344890E-02 -1.53787530E+03
1.01132710E+03 1.82431180E-02 -1.53919380E+03
1.01128100E+03 2.10683280E-02 -1.54029770E+03
1.01123480E+03 1.87883490E-02 -1.54140020E+03
1.01118860E+03 1.28882620E-02 -1.54268660E+03
1.01114250E+03 9.48476220E-03 -1.54453230E+03
1.01109630E+03 1.39242590E-02 -1.54623150E+03
1.01105020E+03 1.83813980E-02 -1.54745900E+03
1.01100400E+03 1.85782820E-02 -1.54857600E+03
1.01095790E+03 1.44057920E-02 -1.54975890E+03
1.01091170E+03 9.16402690E-03 -1.55132140E+03
1.01086560E+03 1.04650920E-02 -1.55325870E+03
1.01081950E+03 1.56680670E-02 -1.55462780E+03
1.01077330E+03 1.82453270E-02 -1.55574850E+03
1.01072720E+03 1.65312430E-02 -1.55684410E+03
1.01068110E+03 1.15285180E-02 -1.55808890E+03
1.01063500E+03 7.93477600E-03 -1.55987600E+03
1.01058890E+03 1.14280010E-02 -1.56163910E+03
1.01054280E+03 1.57601800E-02 -1.56287600E+03
1.01049670E+03 1.66707450E-02 -1.56397780E+03
1.01045060E+03 1.36819980E-02 -1.56512220E+03
1.01040450E+03 9.02579410E-03 -1.56655900E+03
1.01035840E+03 8.74729390E-03 -1.56845630E+03
1.01031230E+03 1.29050490E-02 -1.56991780E+03
1.01026620E+03 1.54259130E-02 -1.57107620E+03
1.01022010E+03 1.43361270E-02 -1.57219630E+03
1.01017410E+03 1.04226950E-02 -1.57346500E+03
1.01012800E+03 7.70680160E-03 -1.57520360E+03
1.01008190E+03 1.04621010E-02 -1.57691290E+03
1.01003590E+03 1.39142910E-02 -1.57817350E+03
1.00998980E+03 1.45476470E-02 -1.57930910E+03
1.00994380E+03 1.20837850E-02 -1.58050470E+03
1.00989770E+03 8.79645730E-03 -1.58199150E+03
1.00985170E+03 9.25190150E-03 -1.58374870E+03
1.00980560E+03 1.25299490E-02 -1.58515860E+03
1.00975960E+03 1.43070200E-02 -1.58634450E+03
1.00971360E+03 1.31758120E-02 -1.58752000E+03
1.00966750E+03 1.02182720E-02 -1.58886950E+03
1.00962150E+03 9.05814380E-03 -1.59053580E+03
1.00957550E+03 1.15064180E-02 -1.59207500E+03
1.00952950E+03 1.38654610E-02 -1.59332870E+03
1.00948350E+03 1.37002320E-02 -1.59450540E+03
1.00943750E+03 1.11444490E-02 -1.59578120E+03
1.00939150E+03 8.92759670E-03 -1.59736440E+03
1.00934550E+03 1.05288690E-02 -1.59902300E+03
1.00929950E+03 1.36147760E-02 -1.60036100E+03
1.00925350E+03 1.48506830E-02 -1.60155010E+03
1.00920750E+03 1.34410660E-02 -1.60275640E+03
1.00916150E+03 1.07331950E-02 -1.60412990E+03
1.00911560E+03 9.75348300E-03 -1.60573290E+03
1.00906960E+03 1.14159650E-02 -1.60723670E+03
1.00902360E+03 1.29345690E-02 -1.60853280E+03
1.00897770E+03 1.26420850E-02 -1.60977610E+03
1.00893170E+03 1.09630060E-02 -1.61110570E+03
1.00888570E+03 9.76587610E-03 -1.61260050E+03
1.00883980E+03 1.03695350E-02 -1.61411320E+03
1.00879380E+03 1.15317370E-02 -1.61548510E+03
1.00874790E+03 1.17281070E-02 -1.61678440E+03
1.00870200E+03 1.08466960E-02 -1.61812000E+03
1.00865600E+03 9.90463290E-03 -1.61955440E+03
1.00861010E+03 9.87263420E-03 -1.62103030E+03
1.00856420E+03 1.04227490E-02 -1.62243790E+03
1.00851820E+03 1.06487820E-02 -1.62377860E+03
1.00847230E+03 1.02586940E-02 -1.62511570E+03
1.00842640E+03 9.64953410E-03 -1.62649930E+03
1.00838050E+03 9.41741940E-03 -1.62792510E+03
1.00833460E+03 9.72919450E-03 -1.62933470E+03
1.00828870E+03 1.01711140E-02 -1.63068840E+03
1.00824280E+03 1.02261950E-02 -1.63200220E+03
1.00819690E+03 9.71143100E-03 -1.63332210E+03
1.00815100E+03 8.94793790E-03 -1.63469710E+03
1.00810510E+03 8.59850050E-03 -1.63613190E+03
1.00805930E+03 8.94957010E-03 -1.63754900E+03
1.00801340E+03 9.46968880E-03 -1.63889170E+03
1.00796750E+03 9.52238250E-03 -1.64019710E+03
1.00792160E+03 9.09779670E-03 -1.64154060E+03
1.00787580E+03 8.89327520E-03 -1.64296390E+03
1.00782990E+03 9.54083900E-03 -1.64439970E+03
1.00778410E+03 1.06288290E-02 -1.64576270E+03
1.00773820E+03 1.12626710E-02 -1.64707440E+03
1.00769240E+03 1.11095020E-02 -1.64840530E+03
1.00764650E+03 1.06584870E-02 -1.64980700E+03
1.00760070E+03 1.06575190E-02 -1.65126010E+03
1.00755490E+03 1.11387810E-02 -1.65269330E+03
1.00750900E+03 1.15210840E-02 -1.65408950E+03
1.00746320E+03 1.15615510E-02 -1.65548390E+03
1.00741740E+03 1.15519730E-02 -1.65689570E+03
1.00737160E+03 1.17219150E-02 -1.65830340E+03
1.00732580E+03 1.18657100E-02 -1.65968770E+03
1.00727990E+03 1.17525080E-02 -1.66106460E+03
1.00723410E+03 1.15394730E-02 -1.66245700E+03
1.00718830E+03 1.15275050E-02 -1.66385680E+03
1.00714250E+03 1.16619590E-02 -1.66523800E+03
1.00709680E+03 1.16455600E-02 -1.66660450E+03
1.00705100E+03 1.15014960E-02 -1.66798610E+03
1.00700520E+03 1.16494150E-02 -1.66938630E+03
1.00695940E+03 1.22320430E-02 -1.67076260E+03
1.00691360E+03 1.27068330E-02 -1.67209120E+03
1.00686790E+03 1.24854930E-02 -1.67340990E+03
1.00682210E+03 1.17436880E-02 -1.67478600E+03
1.00677630E+03 1.15119410E-02 -1.67624280E+03
1.00673060E+03 1.24424130E-02 -1.67768710E+03
1.00668480E+03 1.36843230E-02 -1.67904260E+03
1.00663910E+03 1.40707400E-02 -1.68035230E+03
1.00659330E+03 1.34639600E-02 -1.68169960E+03
1.00654760E+03 1.29266000E-02 -1.68313360E+03
1.00650180E+03 1.35274980E-02 -1.68459030E+03
1.00645610E+03 1.47339540E-02 -1.68597310E+03
1.00641040E+03 1.52607080E-02 -1.68729890E+03
1.00636460E+03 1.47356810E-02 -1.68864250E+03
1.00631890E+03 1.40078470E-02 -1.69005720E+03
1.00627320E+03 1.41310470E-02 -1.69150990E+03
1.00622750E+03 1.49033400E-02 -1.69292080E+03
1.00618180E+03 1.53306610E-02 -1.69428890E+03
1.00613610E+03 1.51506770E-02 -1.69566980E+03
1.00609040E+03 1.50961710E-02 -1.69709060E+03
1.00604470E+03 1.57667290E-02 -1.69850570E+03
1.00599900E+03 1.66230490E-02 -1.69986570E+03
1.00595330E+03 1.67327160E-02 -1.70118900E+03
1.00590760E+03 1.59203900E-02 -1.70253080E+03
1.00586190E+03 1.49654500E-02 -1.70393200E+03
1.00581630E+03 1.47985600E-02 -1.70536910E+03
1.00577060E+03 1.53755790E-02 -1.70677490E+03
1.00572490E+03 1.58810580E-02 -1.70813200E+03
1.00567930E+03 1.58167320E-02 -1.70947430E+03
1.00563360E+03 1.53472500E-02 -1.71083610E+03
1.00558790E+03 1.49195360E-02 -1.71222530E+03
1.00554230E+03 1.47731440E-02 -1.71362660E+03
1.00549660E+03 1.48575950E-02 -1.71502530E+03
1.00545100E+03 1.50740610E-02 -1.71641690E+03
1.00540540E+03 1.53400880E-02 -1.71779850E+03
1.00535970E+03 1.54808280E-02 -1.71917080E+03
1.00531410E+03 1.53231840E-02 -1.72054810E+03
1.00526850E+03 1.49858190E-02 -1.72195340E+03
1.00522290E+03 1.49359220E-02 -1.72339250E+03
1.00517720E+03 1.55059590E-02 -1.72483240E+03
1.00513160E+03 1.63899390E-02 -1.72623600E+03
1.00508600E+03 1.69428460E-02 -1.72760540E+03
1.00504040E+03 1.68361080E-02 -1.72897050E+03
1.00499480E+03 1.63024800E-02 -1.73035990E+03
1.00494920E+03 1.58706280E-02 -1.73177830E+03
1.00490360E+03 1.58386960E-02 -1.73320230E+03
1.00485800E+03 1.60334780E-02 -1.73460770E+03
1.00481240E+03 1.61175170E-02 -1.73599370E+03
1.00476690E+03 1.59444980E-02 -1.73737440E+03
1.00472130E+03 1.55856460E-02 -1.73876200E+03
1.00467570E+03 1.51768410E-02 -1.74016120E+03
1.00463010E+03 1.48427210E-02 -1.74157250E+03
1.00458460E+03 1.47203570E-02 -1.74299170E+03
1.00453900E+03 1.48928930E-02 -1.74440510E+03
1.00449350E+03 1.52219910E-02 -1.74579600E+03
1.00444790E+03 1.53684950E-02 -1.74716360E+03
1.00440240E+03 1.50892260E-02 -1.74852820E+03
1.00435680E+03 1.45250980E-02 -1.74991810E+03
1.00431130E+03 1.41663890E-02 -1.75134300E+03
1.00426570E+03 1.43640780E-02 -1.75277370E+03
1.00422020E+03 1.48643250E-02 -1.75417380E+03
1.00417470E+03 1.50935170E-02 -1.75554530E+03
1.00412920E+03 1.48027310E-02 -1.75692120E+03
1.00408360E+03 1.43124530E-02 -1.75833060E+03
1.00403810E+03 1.41523980E-02 -1.75976680E+03
1.00399260E+03 1.44001090E-02 -1.76119230E+03
1.00394710E+03 1.46075630E-02 -1.76259180E+03
1.00390160E+03 1.44486690E-02 -1.76398880E+03
1.00385610E+03 1.41493570E-02 -1.76541240E+03
1.00381060E+03 1.42067530E-02 -1.76685650E+03
1.00376510E+03 1.46961560E-02 -1.76828280E+03
1.00371960E+03 1.51278150E-02 -1.76967330E+03
1.00367420E+03 1.50599370E-02 -1.77104980E+03
1.00362870E+03 1.45673410E-02 -1.77244590E+03
1.00358320E+03 1.41404550E-02 -1.77387560E+03
1.00353770E+03 1.41805720E-02 -1.77531780E+03
1.00349230E+03 1.46144500E-02 -1.77673960E+03
1.00344680E+03 1.50709040E-02 -1.77813210E+03
1.00340140E+03 1.52525790E-02 -1.77950770E+03
1.00335590E+03 1.50715880E-02 -1.78088500E+03
1.00331050E+03 1.46394130E-02 -1.78228030E+03
1.00326500E+03 1.42348200E-02 -1.78370140E+03
1.00321960E+03 1.41504420E-02 -1.78513710E+03
1.00317410E+03 1.44054720E-02 -1.78656140E+03
1.00312870E+03 1.46963250E-02 -1.78796180E+03
1.00308330E+03 1.47504520E-02 -1.78935230E+03
1.00303790E+03 1.46392830E-02 -1.79075370E+03
1.00299240E+03 1.46516500E-02 -1.79216760E+03
1.00294700E+03 1.48465410E-02 -1.79357420E+03
1.00290160E+03 1.49101310E-02 -1.79496450E+03
1.00285620E+03 1.45708760E-02 -1.79635640E+03
1.00281080E+03 1.39872430E-02 -1.79777610E+03
1.00276540E+03 1.35983850E-02 -1.79922510E+03
1.00272000E+03 1.35827110E-02 -1.80067460E+03
1.00267460E+03 1.36870600E-02 -1.80210300E+03
1.00262920E+03 1.36605070E-02 -1.80351710E+03
1.00258380E+03 1.35183840E-02 -1.80492790E+03
1.00253850E+03 1.33197150E-02 -1.80633410E+03
1.00249310E+03 1.29573780E-02 -1.80773510E+03
1.00244770E+03 1.23539010E-02 -1.80914790E+03
1.00240240E+03 1.17459810E-02 -1.81059390E+03
1.00235700E+03 1.15307220E-02 -1.81206400E+03
1.00231160E+03 1.17369820E-02 -1.81351720E+03
1.00226630E+03 1.19522340E-02 -1.81493520E+03
1.00222090E+03 1.18614110E-02 -1.81633970E+03
1.00217560E+03 1.15607750E-02 -1.81775770E+03
1.00213020E+03 1.13367980E-02 -1.81919080E+03
1.00208490E+03 1.12738160E-02 -1.82061900E+03
1.00203960E+03 1.12241250E-02 -1.82203180E+03
1.00199420E+03 1.11032060E-02 -1.82343620E+03
1.00194890E+03 1.09874680E-02 -1.82483600E+03
1.00190360E+03 1.09112050E-02 -1.82622320E+03
1.00185830E+03 1.07454590E-02 -1.82759370E+03
1.00181300E+03 1.03737190E-02 -1.82896310E+03
1.00176770E+03 9.90462730E-03 -1.83035480E+03
1.00172240E+03 9.61748010E-03 -1.83177320E+03
1.00167710E+03 9.64699660E-03 -1.83319280E+03
1.00163180E+03 9.80476050E-03 -1.83458920E+03
1.00158650E+03 9.80972000E-03 -1.83596930E+03
1.00154120E+03 9.58230130E-03 -1.83735860E+03
1.00149590E+03 9.28547110E-03 -1.83877620E+03
1.00145060E+03 9.15132490E-03 -1.84021860E+03
1.00140530E+03 9.28111680E-03 -1.84166300E+03
1.00136010E+03 9.59987450E-03 -1.84308770E+03
1.00131480E+03 9.94108880E-03 -1.84448560E+03
1.00126950E+03 1.01286670E-02 -1.84586390E+03
1.00122430E+03 1.00517600E-02 -1.84724130E+03
1.00117900E+03 9.76212000E-03 -1.84864350E+03
1.00113380E+03 9.52459760E-03 -1.85008840E+03
1.00108850E+03 9.67602390E-03 -1.85156200E+03
1.00104330E+03 1.02933610E-02 -1.85302120E+03
1.00099800E+03 1.10706910E-02 -1.85443960E+03
1.00095280E+03 1.15994620E-02 -1.85582930E+03
1.00090760E+03 1.16859430E-02 -1.85722140E+03
1.00086230E+03 1.14777300E-02 -1.85864410E+03
1.00081710E+03 1.13569690E-02 -1.86010270E+03
1.00077190E+03 1.15851580E-02 -1.86156890E+03
1.00072670E+03 1.20144770E-02 -1.86300920E+03
1.00068150E+03 1.22854810E-02 -1.86442150E+03
1.00063630E+03 1.22387550E-02 -1.86582780E+03
1.00059110E+03 1.20490840E-02 -1.86724670E+03
1.00054590E+03 1.19898080E-02 -1.86867250E+03
1.00050070E+03 1.20955010E-02 -1.87008360E+03
1.00045550E+03 1.21551640E-02 -1.87147130E+03
1.00041030E+03 1.20118850E-02 -1.87284810E+03
1.00036510E+03 1.17262810E-02 -1.87422980E+03
1.00031990E+03 1.14422310E-02 -1.87561980E+03
1.00027480E+03 1.11851840E-02 -1.87701330E+03
1.00022960E+03 1.08832710E-02 -1.87841270E+03
1.00018440E+03 1.05554960E-02 -1.87982880E+03
1.00013930E+03 1.03416760E-02 -1.88126220E+03
1.00009410E+03 1.02882350E-02 -1.88269580E+03
1.00004900E+03 1.02377770E-02 -1.88411660E+03
1.00000380E+03 1.00473560E-02 -1.88553320E+03
9.99958660E+02 9.79264720E-03 -1.88695850E+03
9.99913520E+02 9.63517510E-03 -1.88838690E+03
9.99868380E+02 9.55619730E-03 -1.88980130E+03
9.99823250E+02 9.39579940E-03 -1.89120200E+03
9.99778120E+02 9.13181600E-03 -1.89260870E+03
9.99732990E+02 8.95030400E-03 -1.89403160E+03
9.99687870E+02 8.98501800E-03 -1.89545360E+03
9.99642750E+02 9.10724710E-03 -1.89685460E+03
9.99597640E+02 9.11450980E-03 -1.89824230E+03
9.99552530E+02 9.01589250E-03 -1.89963770E+03
9.99507430E+02 9.00170630E-03 -1.90104400E+03
9.99462330E+02 9.14848120E-03 -1.90244070E+03
9.99417230E+02 9.29241730E-03 -1.90381540E+03
9.99372140E+02 9.26168020E-03 -1.90518360E+03
9.99327050E+02 9.11130290E-03 -1.90657140E+03
9.99281970E+02 9.07414660E-03 -1.90798680E+03
9.99236890E+02 9.30071340E-03 -1.90941120E+03
9.99191810E+02 9.71893790E-03 -1.91082380E+03
9.99146740E+02 1.01744650E-02 -1.91222150E+03
9.99101670E+02 1.05692750E-02 -1.91360920E+03
9.99056610E+02 1.08301210E-02 -1.91499120E+03
9.99011550E+02 1.08852750E-02 -1.91637580E+03
9.98966490E+02 1.07759010E-02 -1.91777790E+03
9.98921440E+02 1.07326430E-02 -1.91920440E+03
9.98876390E+02 1.09840140E-02 -1.92063640E+03
9.98831350E+02 1.14602080E-02 -1.92204570E+03
9.98786310E+02 1.18701730E-02 -1.92342920E+03
9.98741270E+02 1.20667620E-02 -1.92480810E+03
9.98696240E+02 1.21877950E-02 -1.92619890E+03
9.98651210E+02 1.24119160E-02 -1.92759580E+03
9.98606190E+02 1.26585410E-02 -1.92898560E+03
9.98561170E+02 1.26877220E-02 -1.93037510E+03
9.98516160E+02 1.24854120E-02 -1.93178980E+03
9.98471140E+02 1.24138550E-02 -1.93324440E+03
9.98426140E+02 1.28564290E-02 -1.93471460E+03
9.98381130E+02 1.37471080E-02 -1.93616130E+03
9.98336140E+02 1.46984110E-02 -1.93757530E+03
9.98291140E+02 1.54492100E-02 -1.93897100E+03
9.98246150E+02 1.59655460E-02 -1.94036040E+03
9.98201160E+02 1.62486460E-02 -1.94174730E+03
9.98156180E+02 1.62426380E-02 -1.94313700E+03
9.98111200E+02 1.59722550E-02 -1.94454170E+03
9.98066230E+02 1.56557940E-02 -1.94597110E+03
9.98021260E+02 1.55500710E-02 -1.94742000E+03
9.97976290E+02 1.56957410E-02 -1.94887390E+03
9.97931330E+02 1.59676980E-02 -1.95032760E+03
9.97886370E+02 1.63484540E-02 -1.95178460E+03
9.97841410E+02 1.69337710E-02 -1.95324050E+03
9.97796460E+02 1.76484420E-02 -1.95468380E+03
9.97751520E+02 1.82044780E-02 -1.95611570E+03
9.97706580E+02 1.84693680E-02 -1.95755420E+03
9.97661640E+02 1.87350020E-02 -1.95901400E+03
9.97616700E+02 1.94273440E-02 -1.96048350E+03
9.97571770E+02 2.05182410E-02 -1.96193580E+03
9.97526850E+02 2.15032540E-02 -1.96336400E+03
9.97481930E+02 2.19971120E-02 -1.96478630E+03
9.97437010E+02 2.21302670E-02 -1.96622350E+03
9.97392090E+02 2.23552210E-02 -1.96767790E+03
9.97347180E+02 2.29188890E-02 -1.96913260E+03
9.97302280E+02 2.36149860E-02 -1.97057200E+03
9.97257380E+02 2.40609080E-02 -1.97199760E+03
9.97212480E+02 2.40741460E-02 -1.97342330E+03
9.97167580E+02 2.38204860E-02 -1.97486390E+03
9.97122700E+02 2.37300120E-02 -1.97632390E+03
9.97077810E+02 2.41783350E-02 -1.97778900E+03
9.97032930E+02 2.50758390E-02 -1.97923580E+03
9.96988050E+02 2.58375630E-02 -1.98065540E+03
9.96943180E+02 2.58647690E-02 -1.98206230E+03
9.96898310E+02 2.50604840E-02 -1.98348360E+03
9.96853440E+02 2.39562040E-02 -1.98494120E+03
9.96808580E+02 2.33165990E-02 -1.98643330E+03
9.96763720E+02 2.34703100E-02 -1.98793210E+03
9.96718870E+02 2.41003830E-02 -1.98941340E+03
9.96674020E+02 2.47081900E-02 -1.99087550E+03
9.96629180E+02 2.50253480E-02 -1.99232950E+03
9.96584330E+02 2.50281690E-02 -1.99378550E+03
9.96539500E+02 2.48127990E-02 -1.99524980E+03
9.96494660E+02 2.45201320E-02 -1.99672450E+03
9.96449840E+02 2.42689350E-02 -1.99820740E+03
9.96405010E+02 2.40894730E-02 -1.99969460E+03
9.96360190E+02 2.39669560E-02 -2.00118440E+03
9.96315370E+02 2.39512280E-02 -2.00267570E+03
9.96270560E+02 2.41138340E-02 -2.00416270E+03
9.96225750E+02 2.43610940E-02 -2.00563590E+03
9.96180950E+02 2.44075020E-02 -2.00709170E+03
9.96136140E+02 2.39936980E-02 -2.00853690E+03
9.96091350E+02 2.30719630E-02 -2.00998380E+03
9.96046560E+02 2.17906620E-02 -2.01144380E+03
9.96001770E+02 2.04050470E-02 -2.01292650E+03
9.95956980E+02 1.92535720E-02 -2.01443650E+03
9.95912200E+02 1.86759050E-02 -2.01596410E+03
9.95867420E+02 1.87196290E-02 -2.01748280E+03
9.95822650E+02 1.89773720E-02 -2.01897240E+03
9.95777880E+02 1.89314390E-02 -2.02043930E+03
9.95733120E+02 1.84209970E-02 -2.02190680E+03
9.95688360E+02 1.77072650E-02 -2.02339160E+03
9.95643600E+02 1.71023390E-02 -2.02489030E+03
9.95598850E+02 1.66116520E-02 -2.02639020E+03
9.95554100E+02 1.60724460E-02 -2.02789190E+03
9.95509360E+02 1.55330700E-02 -2.02940730E+03
9.95464620E+02 1.52503460E-02 -2.03093560E+03
9.95419880E+02 1.52888160E-02 -2.03245710E+03
9.95375150E+02 1.53676280E-02 -2.03395950E+03
9.95330420E+02 1.52171860E-02 -2.03545440E+03
9.95285690E+02 1.48776460E-02 -2.03695980E+03
9.95240970E+02 1.45567010E-02 -2.03847980E+03
9.95196260E+02 1.43167210E-02 -2.04000670E+03
9.95151540E+02 1.40765920E-02 -2.04153980E+03
9.95106840E+02 1.38906830E-02 -2.04308810E+03
9.95062130E+02 1.39897620E-02 -2.04464750E+03
9.95017430E+02 1.44483730E-02 -2.04619450E+03
9.94972740E+02 1.49991810E-02 -2.04771140E+03
9.94928040E+02 1.52897900E-02 -2.04920360E+03
9.94883350E+02 1.51559420E-02 -2.05068780E+03
9.94838670E+02 1.46276860E-02 -2.05218030E+03
9.94793990E+02 1.38555560E-02 -2.05369610E+03
9.94749310E+02 1.31512200E-02 -2.05524900E+03
9.94704640E+02 1.29641330E-02 -2.05683070E+03
9.94659970E+02 1.34835950E-02 -2.05839690E+03
9.94615310E+02 1.42917580E-02 -2.05990980E+03
9.94570650E+02 1.47219930E-02 -2.06137870E+03
9.94525990E+02 1.44309840E-02 -2.06284190E+03
9.94481340E+02 1.36137240E-02 -2.06433980E+03
9.94436690E+02 1.28574660E-02 -2.06589380E+03
9.94392050E+02 1.27277180E-02 -2.06748380E+03
9.94347410E+02 1.33283310E-02 -2.06905870E+03
9.94302770E+02 1.42849670E-02 -2.07058490E+03
9.94258140E+02 1.50873890E-02 -2.07206490E+03
9.94213510E+02 1.53661480E-02 -2.07352020E+03
9.94168890E+02 1.50283030E-02 -2.07497780E+03
9.94124270E+02 1.42828740E-02 -2.07646250E+03
9.94079650E+02 1.35349090E-02 -2.07798790E+03
9.94035040E+02 1.31905400E-02 -2.07954770E+03
9.93990430E+02 1.34774590E-02 -2.08111380E+03
9.93945830E+02 1.43326780E-02 -2.08265070E+03
9.93901230E+02 1.53810820E-02 -2.08413820E+03
9.93856630E+02 1.60751020E-02 -2.08558190E+03
9.93812040E+02 1.59684620E-02 -2.08700690E+03
9.93767450E+02 1.49797560E-02 -2.08844890E+03
9.93722870E+02 1.35183350E-02 -2.08994640E+03
9.93678290E+02 1.23475080E-02 -2.09151810E+03
9.93633710E+02 1.20381290E-02 -2.09312670E+03
9.93589140E+02 1.24214620E-02 -2.09470840E+03
9.93544570E+02 1.29330790E-02 -2.09624790E+03
9.93500010E+02 1.32896390E-02 -2.09776750E+03
9.93455450E+02 1.35667310E-02 -2.09928270E+03
9.93410890E+02 1.38447250E-02 -2.10078940E+03
9.93366340E+02 1.39971960E-02 -2.10228500E+03
9.93321790E+02 1.39283990E-02 -2.10378470E+03
9.93277250E+02 1.38956520E-02 -2.10530460E+03
9.93232710E+02 1.43068360E-02 -2.10682680E+03
9.93188170E+02 1.50410430E-02 -2.10830830E+03
9.93143640E+02 1.53462100E-02 -2.10973910E+03
9.93099110E+02 1.45718650E-02 -2.11115720E+03
9.93054590E+02 1.28286000E-02 -2.11262790E+03
9.93010070E+02 1.11200980E-02 -2.11421400E+03
9.92965550E+02 1.06279680E-02 -2.11588820E+03
9.92921040E+02 1.13307730E-02 -2.11752580E+03
9.92876530E+02 1.23531670E-02 -2.11909050E+03
9.92832030E+02 1.33078350E-02 -2.12061500E+03
9.92787530E+02 1.41922530E-02 -2.12210920E+03
9.92743030E+02 1.47818700E-02 -2.12356900E+03
9.92698540E+02 1.46774680E-02 -2.12501030E+03
9.92654050E+02 1.38093590E-02 -2.12647240E+03
9.92609570E+02 1.27105960E-02 -2.12799520E+03
9.92565090E+02 1.22076120E-02 -2.12957520E+03
9.92520610E+02 1.25940780E-02 -2.13114590E+03
9.92476140E+02 1.33280680E-02 -2.13265740E+03
9.92431670E+02 1.37169940E-02 -2.13412140E+03
9.92387200E+02 1.34331100E-02 -2.13557440E+03
9.92342740E+02 1.25537190E-02 -2.13705330E+03
9.92298290E+02 1.14764310E-02 -2.13858950E+03
9.92253840E+02 1.07773260E-02 -2.14019160E+03
9.92209390E+02 1.08808870E-02 -2.14181940E+03
9.92164940E+02 1.17183090E-02 -2.14340970E+03
9.92120500E+02 1.28438940E-02 -2.14493490E+03
9.92076070E+02 1.37621200E-02 -2.14640360E+03
9.92031630E+02 1.40681450E-02 -2.14783830E+03
