  wavelength    amplitude        phase
9.10555940E+02 7.34361246E-10 +2.16307850E+02
9.10781060E+02 9.08834105E-10 +2.15433970E+02
9.11006300E+02 7.49929603E-10 +2.14768820E+02
9.11231640E+02 3.96188188E-10 +2.14524220E+02
9.11457100E+02 3.13388049E-10 +2.15112140E+02
9.11682670E+02 2.79568242E-10 +2.14857310E+02
9.11908350E+02 1.09656468E-10 +2.13024950E+02
9.12134140E+02 2.09711292E-10 +2.11516150E+02
9.12360040E+02 1.70892718E-10 +2.11027470E+02
9.12586060E+02 2.80106846E-10 +2.11633100E+02
9.12812190E+02 5.87801548E-10 +2.11696680E+02
9.13038430E+02 5.60067576E-10 +2.11885880E+02
9.13264780E+02 4.67335565E-10 +2.13182930E+02
9.13491240E+02 1.22373196E-09 +2.13848590E+02
9.13717820E+02 2.04621626E-09 +2.13784820E+02
9.13944510E+02 2.36395535E-09 +2.13550220E+02
9.14171310E+02 1.87829862E-09 +2.13418880E+02
9.14398220E+02 1.08854472E-09 +2.13667770E+02
9.14625250E+02 6.58210992E-10 +2.14040020E+02
9.14852390E+02 6.46936713E-11 +2.14223770E+02
9.15079640E+02 5.22956490E-10 +2.10450620E+02
9.15307010E+02 7.32159464E-10 +2.10072700E+02
9.15534480E+02 6.12974787E-10 +2.09567170E+02
9.15762070E+02 4.49495773E-10 +2.08419390E+02
9.15989780E+02 8.01758336E-10 +2.07232140E+02
9.16217600E+02 1.07456638E-09 +2.06792630E+02
9.16445530E+02 8.49306158E-10 +2.06956000E+02
9.16673570E+02 9.62011809E-10 +2.07668860E+02
9.16901730E+02 1.06933129E-09 +2.07846380E+02
9.17130000E+02 8.30149517E-10 +2.07906490E+02
9.17358390E+02 7.39957391E-10 +2.07446670E+02
9.17586890E+02 1.11342373E-09 +2.06233460E+02
9.17815500E+02 1.90570339E-09 +2.05380030E+02
9.18044230E+02 2.19179073E-09 +2.04814220E+02
9.18273070E+02 1.88849183E-09 +2.04508410E+02
9.18502020E+02 1.49481922E-09 +2.04456890E+02
9.18731090E+02 9.17565861E-10 +2.04286540E+02
9.18960270E+02 7.30160339E-11 +2.03231930E+02
9.19189570E+02 5.18294357E-10 +2.00330810E+02
9.19418980E+02 5.18512247E-10 +1.99696340E+02
9.19648510E+02 1.86393146E-10 +1.98624240E+02
9.19878150E+02 3.96046992E-10 +1.96382100E+02
9.20107910E+02 1.14097410E-09 +1.95811730E+02
9.20337780E+02 2.02857788E-09 +1.95482520E+02
9.20567770E+02 2.39898306E-09 +1.95234860E+02
9.20797870E+02 2.30068053E-09 +1.94987700E+02
9.21028080E+02 2.16500388E-09 +1.94469970E+02
9.21258410E+02 2.52440944E-09 +1.93514620E+02
9.21488860E+02 3.60799570E-09 +1.92725940E+02
9.21719420E+02 3.76277597E-09 +1.92244040E+02
9.21950100E+02 2.68422490E-09 +1.91896790E+02
9.22180890E+02 1.83544583E-09 +1.91562800E+02
9.22411800E+02 1.46528728E-09 +1.91199270E+02
9.22642820E+02 2.83464035E-10 +1.90221600E+02
9.22873960E+02 2.32094976E-09 +1.87487760E+02
9.23105220E+02 5.79254469E-09 +1.86911180E+02
9.23336590E+02 9.90567378E-09 +1.86407220E+02
9.23568080E+02 1.25477795E-08 +1.85993060E+02
9.23799680E+02 1.14261039E-08 +1.85673600E+02
9.24031400E+02 7.01011541E-09 +1.85587190E+02
9.24263230E+02 3.96721086E-09 +1.86195430E+02
9.24495190E+02 4.40968627E-09 +1.86549970E+02
9.24727250E+02 3.60377136E-09 +1.86240700E+02
9.24959440E+02 2.68472088E-09 +1.85687160E+02
9.25191740E+02 3.47574093E-09 +1.85547150E+02
9.25424160E+02 7.54485891E-09 +1.85598770E+02
9.25656700E+02 1.44413175E-08 +1.85485510E+02
9.25889350E+02 2.03550416E-08 +1.85309900E+02
9.26122120E+02 2.07798200E-08 +1.85152730E+02
9.26355000E+02 1.50178594E-08 +1.85153100E+02
9.26588010E+02 9.88736937E-09 +1.85615120E+02
9.26821130E+02 1.00188123E-08 +1.85955200E+02
9.27054360E+02 6.60110233E-09 +1.85768770E+02
9.27287720E+02 2.51496897E-10 +1.81616960E+02
9.27521190E+02 4.00326042E-09 +1.81160370E+02
9.27754780E+02 9.57183969E-09 +1.79629720E+02
9.27988490E+02 2.10142901E-08 +1.78931420E+02
9.28222320E+02 2.56062434E-08 +1.78516640E+02
9.28456260E+02 1.80065313E-08 +1.78119930E+02
9.28690320E+02 5.55856798E-09 +1.76844520E+02
9.28924500E+02 1.57119735E-08 +1.75158030E+02
9.29158800E+02 2.36431153E-08 +1.74822200E+02
9.29393220E+02 2.13764078E-08 +1.74806850E+02
9.29627750E+02 2.29869235E-08 +1.75187190E+02
9.29862400E+02 3.57444989E-08 +1.75096440E+02
9.30097180E+02 4.71011380E-08 +1.74615860E+02
9.30332070E+02 5.23027246E-08 +1.74050820E+02
9.30567070E+02 4.78975219E-08 +1.73477010E+02
9.30802200E+02 3.52751201E-08 +1.72715210E+02
9.31037450E+02 3.33673044E-08 +1.71493410E+02
9.31272810E+02 4.99315361E-08 +1.70610140E+02
9.31508300E+02 5.97767037E-08 +1.70044200E+02
9.31743900E+02 5.61453141E-08 +1.69445630E+02
9.31979620E+02 5.22197156E-08 +1.68645970E+02
9.32215460E+02 5.56699982E-08 +1.67894470E+02
9.32451430E+02 4.65246171E-08 +1.67440770E+02
9.32687510E+02 2.30650489E-08 +1.67873740E+02
9.32923710E+02 5.00698452E-08 +1.68643870E+02
9.33160030E+02 7.35967975E-08 +1.68355210E+02
9.33396470E+02 5.70902803E-08 +1.67819070E+02
9.33633030E+02 2.74276202E-08 +1.66203970E+02
9.33869710E+02 7.15448642E-08 +1.64802690E+02
9.34106510E+02 1.06276394E-07 +1.64239030E+02
9.34343420E+02 9.89792463E-08 +1.63646850E+02
9.34580460E+02 6.06780751E-08 +1.62771410E+02
9.34817620E+02 3.18101619E-08 +1.60870970E+02
9.35054910E+02 7.45917415E-08 +1.59210770E+02
9.35292310E+02 1.05331519E-07 +1.58497200E+02
9.35529830E+02 6.77362717E-08 +1.57952450E+02
9.35767470E+02 1.47750719E-08 +1.54898740E+02
9.36005230E+02 7.44722740E-08 +1.54042420E+02
9.36243120E+02 1.06459236E-07 +1.53582480E+02
9.36481120E+02 1.44809558E-07 +1.53447170E+02
9.36719250E+02 2.08689727E-07 +1.53468390E+02
9.36957490E+02 2.40261295E-07 +1.53386210E+02
9.37195860E+02 1.70454651E-07 +1.53209060E+02
9.37434350E+02 3.90630426E-08 +1.53025820E+02
9.37672960E+02 5.52791697E-08 +1.49384910E+02
9.37911700E+02 7.81691749E-08 +1.49098350E+02
9.38150550E+02 7.58327864E-08 +1.49191920E+02
9.38389530E+02 1.21378874E-07 +1.49440670E+02
9.38628620E+02 1.97634759E-07 +1.49230140E+02
9.38867840E+02 2.83723018E-07 +1.48860190E+02
9.39107180E+02 3.98030690E-07 +1.48617930E+02
9.39346650E+02 5.33413957E-07 +1.48555020E+02
9.39586230E+02 6.54683412E-07 +1.48522000E+02
9.39825940E+02 6.83543100E-07 +1.48389370E+02
9.40065770E+02 5.84146728E-07 +1.48089580E+02
9.40305720E+02 4.43769355E-07 +1.47567890E+02
9.40545800E+02 3.75067847E-07 +1.46932240E+02
9.40786000E+02 3.61061421E-07 +1.46516150E+02
9.41026320E+02 3.52953935E-07 +1.46445460E+02
9.41266760E+02 3.54211999E-07 +1.46557010E+02
9.41507330E+02 2.76712340E-07 +1.46573920E+02
9.41748010E+02 9.91463807E-09 +1.44113650E+02
9.41988830E+02 4.22149571E-07 +1.43138830E+02
9.42229760E+02 7.01716039E-07 +1.42816450E+02
9.42470820E+02 6.76269318E-07 +1.42343110E+02
9.42712000E+02 5.04483270E-07 +1.41572880E+02
9.42953310E+02 4.32643132E-07 +1.40717450E+02
9.43194740E+02 3.04893345E-07 +1.40343850E+02
9.43436290E+02 1.70160327E-07 +1.41448630E+02
9.43677970E+02 4.45608023E-07 +1.42062050E+02
9.43919770E+02 5.97072056E-07 +1.42117320E+02
9.44161690E+02 5.75089663E-07 +1.42320070E+02
9.44403740E+02 6.11354676E-07 +1.42547970E+02
9.44645910E+02 6.62705908E-07 +1.42316330E+02
9.44888210E+02 7.12116858E-07 +1.41629010E+02
9.45130630E+02 8.87255059E-07 +1.40995250E+02
9.45373180E+02 9.73044984E-07 +1.40769570E+02
9.45615850E+02 9.91528497E-07 +1.41005200E+02
9.45858640E+02 1.25966563E-06 +1.41381750E+02
9.46101560E+02 1.51942430E-06 +1.41623370E+02
9.46344600E+02 1.56389549E-06 +1.41954930E+02
9.46587770E+02 1.84241505E-06 +1.42407320E+02
9.46831070E+02 2.50224060E-06 +1.42611800E+02
9.47074490E+02 2.98087725E-06 +1.42536890E+02
9.47318030E+02 2.89832716E-06 +1.42285230E+02
9.47561700E+02 2.26736691E-06 +1.41896440E+02
9.47805500E+02 1.35832007E-06 +1.41314010E+02
9.48049420E+02 7.28575164E-07 +1.40084300E+02
9.48293460E+02 1.09843894E-06 +1.38817010E+02
9.48537630E+02 1.61657119E-06 +1.38290380E+02
9.48781930E+02 1.85293664E-06 +1.37961290E+02
9.49026350E+02 1.70712454E-06 +1.37694500E+02
9.49270900E+02 1.18017253E-06 +1.37447760E+02
9.49515580E+02 4.40695031E-07 +1.37153800E+02
9.49760380E+02 2.31816018E-07 +1.33889600E+02
9.50005310E+02 6.96728003E-07 +1.33266900E+02
9.50250360E+02 1.22280783E-06 +1.32628720E+02
9.50495540E+02 1.98982421E-06 +1.32180620E+02
9.50740850E+02 2.77796859E-06 +1.31904050E+02
9.50986290E+02 3.38209240E-06 +1.31698530E+02
9.51231850E+02 3.67143923E-06 +1.31484920E+02
9.51477530E+02 3.50890909E-06 +1.31201320E+02
9.51723350E+02 2.95487211E-06 +1.30810580E+02
9.51969290E+02 2.30606173E-06 +1.30389900E+02
9.52215360E+02 1.59673971E-06 +1.30310310E+02
9.52461550E+02 1.59658626E-06 +1.31098160E+02
9.52707880E+02 3.05276658E-06 +1.31482810E+02
9.52954330E+02 4.30696134E-06 +1.31556710E+02
9.53200910E+02 4.89519274E-06 +1.31640840E+02
9.53447610E+02 5.27405290E-06 +1.31745490E+02
9.53694440E+02 5.47533944E-06 +1.31757400E+02
9.53941410E+02 4.85449637E-06 +1.31638610E+02
9.54188500E+02 3.23212438E-06 +1.31419860E+02
9.54435710E+02 1.29231939E-06 +1.31090700E+02
9.54683060E+02 1.60433631E-07 +1.28770570E+02
9.54930530E+02 5.98569060E-07 +1.27469200E+02
9.55178130E+02 8.36982294E-07 +1.26745200E+02
9.55425860E+02 1.58532684E-06 +1.26305970E+02
9.55673720E+02 2.89420680E-06 +1.26101520E+02
9.55921710E+02 4.15934911E-06 +1.25895470E+02
9.56169830E+02 4.56129971E-06 +1.25590110E+02
9.56418070E+02 4.26375738E-06 +1.25048790E+02
9.56666450E+02 4.97742695E-06 +1.24321080E+02
9.56914950E+02 7.03628197E-06 +1.23828240E+02
9.57163580E+02 8.66851631E-06 +1.23515740E+02
9.57412340E+02 8.23010006E-06 +1.23215990E+02
9.57661240E+02 4.76491857E-06 +1.22741570E+02
9.57910260E+02 3.58887002E-06 +1.20473930E+02
9.58159410E+02 1.20735281E-05 +1.19757050E+02
9.58408680E+02 1.99621001E-05 +1.19454170E+02
9.58658090E+02 2.37721545E-05 +1.19212220E+02
9.58907630E+02 2.24211405E-05 +1.18986330E+02
9.59157300E+02 1.73960955E-05 +1.18752010E+02
9.59407100E+02 1.11422237E-05 +1.18474630E+02
9.59657030E+02 5.30301037E-06 +1.18056370E+02
9.59907090E+02 1.57093329E-06 +1.16422040E+02
9.60157280E+02 4.37592310E-06 +1.14932160E+02
9.60407600E+02 6.01472177E-06 +1.14415670E+02
9.60658050E+02 4.40448646E-06 +1.13774250E+02
9.60908630E+02 4.16670421E-06 +1.12089530E+02
9.61159340E+02 9.02466814E-06 +1.11486020E+02
9.61410190E+02 1.14182004E-05 +1.11608560E+02
9.61661160E+02 1.51923099E-05 +1.12103460E+02
9.61912270E+02 2.24624480E-05 +1.12292710E+02
9.62163500E+02 2.36802337E-05 +1.12122920E+02
9.62414870E+02 1.57656884E-05 +1.11527920E+02
9.62666370E+02 1.37001365E-05 +1.10025230E+02
9.62918000E+02 2.40130435E-05 +1.09071760E+02
9.63169760E+02 3.12568613E-05 +1.08489380E+02
9.63421660E+02 3.30112360E-05 +1.08019310E+02
9.63673680E+02 3.01346568E-05 +1.07673320E+02
9.63925840E+02 2.56523408E-05 +1.07486740E+02
9.64178130E+02 2.37779926E-05 +1.07430030E+02
9.64430550E+02 2.50270883E-05 +1.07386360E+02
9.64683100E+02 2.63547265E-05 +1.07364090E+02
9.64935790E+02 2.72469501E-05 +1.07454180E+02
9.65188610E+02 3.04371327E-05 +1.07573580E+02
9.65441560E+02 3.34801210E-05 +1.07521900E+02
9.65694640E+02 3.03308811E-05 +1.07246010E+02
9.65947860E+02 2.14889246E-05 +1.06689430E+02
9.66201210E+02 1.41254611E-05 +1.05806600E+02
9.66454690E+02 7.25774469E-06 +1.04835420E+02
9.66708310E+02 7.84871028E-06 +1.02138440E+02
9.66962050E+02 2.19476432E-05 +1.01548180E+02
9.67215930E+02 2.77222728E-05 +1.01379470E+02
9.67469950E+02 2.47918489E-05 +1.01641320E+02
9.67724100E+02 3.18633897E-05 +1.02252340E+02
9.67978380E+02 4.71792582E-05 +1.02475310E+02
9.68232800E+02 5.07660782E-05 +1.02587590E+02
9.68487340E+02 4.39806162E-05 +1.02972550E+02
9.68742030E+02 5.49889662E-05 +1.03535220E+02
9.68996840E+02 7.83526037E-05 +1.03628740E+02
9.69251800E+02 8.93033415E-05 +1.03421830E+02
9.69506880E+02 8.40603729E-05 +1.03073940E+02
9.69762100E+02 6.88212424E-05 +1.02694940E+02
9.70017460E+02 4.90293738E-05 +1.02446400E+02
9.70272940E+02 3.41532034E-05 +1.02599780E+02
9.70528570E+02 3.85239692E-05 +1.02919950E+02
9.70784330E+02 4.66214318E-05 +1.02805850E+02
9.71040220E+02 4.13309230E-05 +1.02361740E+02
9.71296250E+02 2.91636249E-05 +1.01381810E+02
9.71552410E+02 3.77699735E-05 +1.00043380E+02
9.71808710E+02 6.06527493E-05 +9.91872040E+01
9.72065140E+02 8.73895720E-05 +9.85515920E+01
9.72321710E+02 1.14543847E-04 +9.80855690E+01
9.72578410E+02 1.30368386E-04 +9.77694380E+01
9.72835250E+02 1.24516786E-04 +9.75633580E+01
9.73092230E+02 9.61551735E-05 +9.74546520E+01
9.73349340E+02 5.36119716E-05 +9.75490760E+01
9.73606590E+02 2.93607602E-05 +9.86816140E+01
9.73863970E+02 6.44363019E-05 +9.93403950E+01
9.74121490E+02 9.62397969E-05 +9.92866110E+01
9.74379140E+02 1.05859142E-04 +9.90528210E+01
9.74636930E+02 9.42307439E-05 +9.86676410E+01
9.74894860E+02 7.42554059E-05 +9.81022380E+01
9.75152930E+02 5.48209002E-05 +9.74109660E+01
9.75411130E+02 2.80760588E-05 +9.64355940E+01
9.75669470E+02 4.53718525E-05 +9.43049920E+01
9.75927940E+02 1.18074794E-04 +9.36962580E+01
9.76186550E+02 1.88372203E-04 +9.33621620E+01
9.76445300E+02 2.26197871E-04 +9.30608570E+01
9.76704190E+02 2.16257430E-04 +9.26979460E+01
9.76963210E+02 1.72119029E-04 +9.21406040E+01
9.77222370E+02 1.43321425E-04 +9.12401900E+01
9.77481670E+02 1.66501550E-04 +9.02641200E+01
9.77741110E+02 2.20420398E-04 +8.94432230E+01
9.78000680E+02 3.04150063E-04 +8.87479340E+01
9.78260390E+02 4.06365931E-04 +8.81998350E+01
9.78520240E+02 4.81639803E-04 +8.77400960E+01
9.78780230E+02 4.98966792E-04 +8.72657650E+01
9.79040360E+02 4.85553900E-04 +8.66852690E+01
9.79300620E+02 5.08880772E-04 +8.60265400E+01
9.79561030E+02 5.65843194E-04 +8.54353120E+01
9.79821570E+02 5.75813798E-04 +8.48979150E+01
9.80082250E+02 5.22142414E-04 +8.42355710E+01
9.80343070E+02 5.54291873E-04 +8.33500830E+01
9.80604020E+02 7.69672002E-04 +8.26281880E+01
9.80865120E+02 9.90546102E-04 +8.21475010E+01
9.81126350E+02 1.06208051E-03 +8.17273110E+01
9.81387730E+02 9.75259376E-04 +8.12269050E+01
9.81649240E+02 8.79280166E-04 +8.05468630E+01
9.81910900E+02 9.38822102E-04 +7.98108760E+01
9.82172690E+02 1.06083345E-03 +7.92203150E+01
9.82434620E+02 1.06613282E-03 +7.87084090E+01
9.82696700E+02 9.33853945E-04 +7.81148340E+01
9.82958910E+02 8.35977805E-04 +7.73109330E+01
9.83221260E+02 9.42641825E-04 +7.64695650E+01
9.83483750E+02 1.13895259E-03 +7.57876130E+01
9.83746380E+02 1.29448461E-03 +7.51776820E+01
9.84009160E+02 1.40858866E-03 +7.45673210E+01
9.84272070E+02 1.52263830E-03 +7.39426460E+01
9.84535120E+02 1.69724595E-03 +7.33250750E+01
9.84798320E+02 1.94324458E-03 +7.27861060E+01
9.85061650E+02 2.08330507E-03 +7.23700240E+01
9.85325130E+02 1.85268022E-03 +7.20392280E+01
9.85588750E+02 1.13796555E-03 +7.16766720E+01
9.85852500E+02 3.62249044E-04 +7.01070570E+01
9.86116400E+02 1.29908968E-03 +6.87326990E+01
9.86380440E+02 2.24879499E-03 +6.83960880E+01
9.86644630E+02 2.77286552E-03 +6.81222660E+01
9.86908950E+02 2.78817455E-03 +6.78459340E+01
9.87173420E+02 2.31556293E-03 +6.75465890E+01
9.87438020E+02 1.47165122E-03 +6.71648960E+01
9.87702770E+02 5.86902445E-04 +6.62626550E+01
9.87967660E+02 8.09772240E-04 +6.44465520E+01
9.88232700E+02 1.43466696E-03 +6.37988620E+01
9.88497870E+02 1.83251745E-03 +6.33036250E+01
9.88763190E+02 2.06095813E-03 +6.28089900E+01
9.89028650E+02 2.14814420E-03 +6.23158150E+01
9.89294250E+02 2.05278703E-03 +6.18004950E+01
9.89560000E+02 1.83563989E-03 +6.11962730E+01
9.89825880E+02 1.70187444E-03 +6.04792990E+01
9.90091920E+02 1.74006322E-03 +5.97612050E+01
9.90358090E+02 1.79621563E-03 +5.91161640E+01
9.90624410E+02 1.75267855E-03 +5.85012200E+01
9.90890870E+02 1.60905469E-03 +5.78664480E+01
9.91157470E+02 1.40300752E-03 +5.71453740E+01
9.91424220E+02 1.35047962E-03 +5.62379510E+01
9.91691110E+02 1.80078858E-03 +5.53967540E+01
9.91958150E+02 2.50809246E-03 +5.48694880E+01
9.92225320E+02 2.95330544E-03 +5.45112320E+01
9.92492650E+02 2.82704307E-03 +5.41810890E+01
9.92760110E+02 2.19642648E-03 +5.37442850E+01
9.93027720E+02 1.59823062E-03 +5.30160960E+01
9.93295480E+02 1.56530662E-03 +5.21834160E+01
9.93563380E+02 1.57423499E-03 +5.16468060E+01
9.93831420E+02 1.09710182E-03 +5.12482460E+01
9.94099610E+02 2.67315918E-04 +5.00621710E+01
9.94367950E+02 1.10634660E-03 +4.81289920E+01
9.94636420E+02 2.16686832E-03 +4.78467630E+01
9.94905050E+02 2.84187660E-03 +4.76421350E+01
9.95173820E+02 2.94275023E-03 +4.74138920E+01
9.95442730E+02 2.50404944E-03 +4.70818410E+01
9.95711790E+02 1.87716177E-03 +4.65306690E+01
9.95980990E+02 1.52726435E-03 +4.57627780E+01
9.96250340E+02 1.29030989E-03 +4.50200480E+01
9.96519840E+02 8.44898313E-04 +4.39766100E+01
9.96789480E+02 1.36177759E-03 +4.24715210E+01
9.97059270E+02 2.69808536E-03 +4.18957800E+01
9.97329200E+02 3.80198304E-03 +4.15863750E+01
9.97599280E+02 4.24276643E-03 +4.13363750E+01
9.97869510E+02 3.92890036E-03 +4.10759710E+01
9.98139880E+02 3.02660571E-03 +4.07469390E+01
9.98410400E+02 1.82866377E-03 +4.02440490E+01
9.98681070E+02 8.40754631E-04 +3.89977110E+01
9.98951880E+02 1.62379752E-03 +3.73561980E+01
9.99222840E+02 3.15056141E-03 +3.67106050E+01
9.99493950E+02 4.54292197E-03 +3.62547530E+01
9.99765200E+02 5.37449235E-03 +3.58378810E+01
1.00003660E+03 5.43983878E-03 +3.53950490E+01
1.00030820E+03 4.93682327E-03 +3.48651360E+01
1.00057990E+03 4.41817723E-03 +3.42140150E+01
1.00085170E+03 4.24377214E-03 +3.35131580E+01
1.00112370E+03 4.12088401E-03 +3.28311490E+01
1.00139580E+03 3.84961180E-03 +3.20658260E+01
1.00166810E+03 4.19902417E-03 +3.11452610E+01
1.00194050E+03 5.82204663E-03 +3.03591310E+01
1.00221310E+03 7.83917043E-03 +2.97902640E+01
1.00248590E+03 9.23131215E-03 +2.92977280E+01
1.00275870E+03 9.68428273E-03 +2.87752380E+01
1.00303180E+03 9.71626487E-03 +2.81662810E+01
1.00330500E+03 1.01508093E-02 +2.74965910E+01
1.00357830E+03 1.10853254E-02 +2.68438100E+01
1.00385180E+03 1.19534129E-02 +2.62209360E+01
1.00412540E+03 1.25149271E-02 +2.55844450E+01
1.00439920E+03 1.32130901E-02 +2.49078040E+01
1.00467310E+03 1.46369519E-02 +2.42217440E+01
1.00494720E+03 1.67237974E-02 +2.35718390E+01
1.00522140E+03 1.89584535E-02 +2.29552590E+01
1.00549570E+03 2.12324502E-02 +2.23450210E+01
1.00577030E+03 2.39310670E-02 +2.17372630E+01
1.00604490E+03 2.71557707E-02 +2.11488430E+01
1.00631980E+03 3.04155947E-02 +2.05822650E+01
1.00659470E+03 3.32406724E-02 +2.00206560E+01
1.00686990E+03 3.56561608E-02 +1.94477720E+01
1.00714510E+03 3.80317183E-02 +1.88596780E+01
1.00742060E+03 4.06916048E-02 +1.82630130E+01
1.00769610E+03 4.36497720E-02 +1.76660930E+01
1.00797190E+03 4.67001585E-02 +1.70695460E+01
1.00824770E+03 4.98930877E-02 +1.64667020E+01
1.00852380E+03 5.38200093E-02 +1.58554440E+01
1.00879990E+03 5.91891722E-02 +1.52459930E+01
1.00907630E+03 6.61929581E-02 +1.46531420E+01
1.00935270E+03 7.43633882E-02 +1.40851370E+01
1.00962940E+03 8.27847800E-02 +1.35410830E+01
1.00990620E+03 9.04581749E-02 +1.30134230E+01
1.01018310E+03 9.67541234E-02 +1.24924010E+01
1.01046020E+03 1.01589552E-01 +1.19705430E+01
1.01073740E+03 1.05219642E-01 +1.14437970E+01
1.01101480E+03 1.08078578E-01 +1.09099430E+01
1.01129240E+03 1.10816104E-01 +1.03685600E+01
1.01157010E+03 1.14158824E-01 +9.82273460E+00
1.01184790E+03 1.18580871E-01 +9.27858870E+00
1.01212590E+03 1.24173081E-01 +8.74269510E+00
1.01240410E+03 1.30689227E-01 +8.22059030E+00
1.01268240E+03 1.37529139E-01 +7.71598360E+00
1.01296080E+03 1.43793446E-01 +7.22950690E+00
1.01323940E+03 1.48566796E-01 +6.75828280E+00
1.01351820E+03 1.51288165E-01 +6.29694830E+00
1.01379710E+03 1.52026836E-01 +5.83956680E+00
1.01407620E+03 1.51510356E-01 +5.38231580E+00
1.01435540E+03 1.50725409E-01 +4.92616000E+00
1.01463480E+03 1.50207650E-01 +4.47670160E+00
1.01491440E+03 1.49650593E-01 +4.03956000E+00
1.01519400E+03 1.48363409E-01 +3.61504140E+00
1.01547390E+03 1.46239160E-01 +3.19764140E+00
1.01575390E+03 1.44322046E-01 +2.78128130E+00
1.01603400E+03 1.44381418E-01 +2.36629650E+00
1.01631430E+03 1.47780249E-01 +1.96127490E+00
1.01659480E+03 1.54721333E-01 +1.57607030E+00
1.01687540E+03 1.64620530E-01 +1.21352170E+00
1.01715620E+03 1.77073838E-01 +8.69032070E-01
1.01743710E+03 1.92453402E-01 +5.36203410E-01
1.01771820E+03 2.11762220E-01 +2.12015860E-01
1.01799940E+03 2.35955835E-01 -1.02070540E-01
1.01828080E+03 2.65279353E-01 -4.02768050E-01
1.01856240E+03 2.99139063E-01 -6.87937240E-01
1.01884410E+03 3.36473535E-01 -9.57086090E-01
1.01912590E+03 3.76104932E-01 -1.21006780E+00
1.01940800E+03 4.16733248E-01 -1.44608480E+00
1.01969010E+03 4.56748476E-01 -1.66376150E+00
1.01997250E+03 4.94215237E-01 -1.86168380E+00
1.02025490E+03 5.27162698E-01 -2.03877360E+00
1.02053760E+03 5.54086167E-01 -2.19442330E+00
1.02082040E+03 5.74481410E-01 -2.32850780E+00
1.02110330E+03 5.89160403E-01 -2.44132790E+00
1.02138650E+03 6.00091718E-01 -2.53356380E+00
1.02166970E+03 6.09726291E-01 -2.60638140E+00
1.02195310E+03 6.20087333E-01 -2.66166950E+00
1.02223670E+03 6.32037546E-01 -2.70209550E+00
1.02252050E+03 6.45016085E-01 -2.73068000E+00
1.02280440E+03 6.57319702E-01 -2.74998600E+00
1.02308840E+03 6.66811293E-01 -2.76138230E+00
1.02337260E+03 6.71796755E-01 -2.76476500E+00
1.02365700E+03 6.71746492E-01 -2.75881010E+00
1.02394150E+03 6.67591806E-01 -2.74165500E+00
1.02422620E+03 6.61485502E-01 -2.71189530E+00
1.02451110E+03 6.56094467E-01 -2.66968390E+00
1.02479610E+03 6.53626101E-01 -2.61742410E+00
1.02508120E+03 6.54919270E-01 -2.55939770E+00
1.02536660E+03 6.59041698E-01 -2.50020890E+00
1.02565200E+03 6.63713839E-01 -2.44291470E+00
1.02593770E+03 6.66428233E-01 -2.38801850E+00
1.02622350E+03 6.65688366E-01 -2.33372720E+00
1.02650940E+03 6.61725895E-01 -2.27703360E+00
1.02679560E+03 6.56364320E-01 -2.21504740E+00
1.02708180E+03 6.52140997E-01 -2.14619170E+00
1.02736830E+03 6.51137397E-01 -2.07091090E+00
1.02765490E+03 6.54058751E-01 -1.99152000E+00
1.02794160E+03 6.59949672E-01 -1.91118550E+00
1.02822850E+03 6.66635020E-01 -1.83262440E+00
1.02851560E+03 6.71670797E-01 -1.75727090E+00
1.02880290E+03 6.73397193E-01 -1.68522010E+00
1.02909030E+03 6.71652574E-01 -1.61572800E+00
1.02937780E+03 6.67832337E-01 -1.54784740E+00
1.02966550E+03 6.64256517E-01 -1.48085720E+00
1.02995340E+03 6.63159347E-01 -1.41434140E+00
1.03024150E+03 6.65816003E-01 -1.34800380E+00
1.03052970E+03 6.72203280E-01 -1.28148330E+00
1.03081800E+03 6.81240200E-01 -1.21441820E+00
1.03110660E+03 6.91353781E-01 -1.14677120E+00
1.03139520E+03 7.01055305E-01 -1.07918720E+00
1.03168410E+03 7.09341688E-01 -1.01307030E+00
1.03197310E+03 7.15887826E-01 -9.50203820E-01
1.03226230E+03 7.21055483E-01 -8.91995870E-01
1.03255160E+03 7.25725499E-01 -8.38706380E-01
1.03284110E+03 7.30965259E-01 -7.89117510E-01
1.03313080E+03 7.37626484E-01 -7.40926640E-01
1.03342060E+03 7.46034771E-01 -6.91727890E-01
1.03371060E+03 7.55869036E-01 -6.40092250E-01
1.03400070E+03 7.66209325E-01 -5.86236470E-01
1.03429100E+03 7.75712756E-01 -5.32037730E-01
1.03458150E+03 7.82947834E-01 -4.80439150E-01
1.03487210E+03 7.86906703E-01 -4.34460280E-01
1.03516290E+03 7.87547091E-01 -3.96102540E-01
1.03545390E+03 7.86040253E-01 -3.65473690E-01
1.03574500E+03 7.84461968E-01 -3.40477130E-01
1.03603630E+03 7.84998197E-01 -3.17356880E-01
1.03632780E+03 7.89071074E-01 -2.92084910E-01
1.03661940E+03 7.96808252E-01 -2.62043640E-01
1.03691120E+03 8.07008383E-01 -2.27145460E-01
1.03720310E+03 8.17522140E-01 -1.89838560E-01
1.03749520E+03 8.25932897E-01 -1.54110470E-01
1.03778750E+03 8.30411181E-01 -1.24030150E-01
1.03807990E+03 8.30479247E-01 -1.02356460E-01
1.03837250E+03 8.27295219E-01 -8.95368540E-02
1.03866530E+03 8.23199083E-01 -8.33291200E-02
1.03895820E+03 8.20673437E-01 -7.93141230E-02
1.03925130E+03 8.21263880E-01 -7.24202660E-02
1.03954460E+03 8.25022103E-01 -5.90341730E-02
1.03983800E+03 8.30653092E-01 -3.87047980E-02
1.04013160E+03 8.36159973E-01 -1.45182300E-02
1.04042540E+03 8.39722764E-01 +8.04968000E-03
1.04071930E+03 8.40620901E-01 +2.32574260E-02
1.04101340E+03 8.39849689E-01 +2.73845390E-02
1.04130770E+03 8.39875705E-01 +2.04209500E-02
1.04160210E+03 8.43308757E-01 +6.41119440E-03
1.04189670E+03 8.51164455E-01 -8.07928730E-03
1.04219150E+03 8.61945277E-01 -1.68762530E-02
1.04248640E+03 8.72180922E-01 -1.68366360E-02
1.04278150E+03 8.77934741E-01 -8.86590680E-03
1.04307680E+03 8.76349143E-01 +2.67925540E-03
1.04337220E+03 8.66721697E-01 +1.15015040E-02
1.04366780E+03 8.51048559E-01 +1.13404550E-02
1.04396360E+03 8.33907267E-01 -1.69527580E-03
1.04425950E+03 8.21256647E-01 -2.68212520E-02
1.04455560E+03 8.18007323E-01 -5.76706940E-02
1.04485190E+03 8.25408329E-01 -8.45871380E-02
1.04514830E+03 8.40171738E-01 -9.96088320E-02
1.04544490E+03 8.56140970E-01 -1.00548370E-01
1.04574170E+03 8.67262100E-01 -9.15612220E-02
1.04603860E+03 8.70158009E-01 -8.09901890E-02
1.04633570E+03 8.65564111E-01 -7.82006460E-02
1.04663300E+03 8.58475335E-01 -9.00120620E-02
1.04693040E+03 8.56624772E-01 -1.17013140E-01
1.04722810E+03 8.67014002E-01 -1.51573000E-01
1.04752580E+03 8.91821445E-01 -1.80534180E-01
1.04782380E+03 9.26648364E-01 -1.92097920E-01
1.04812190E+03 9.62488384E-01 -1.81315830E-01
1.04842020E+03 9.89486544E-01 -1.50609530E-01
1.04871870E+03 1.00000000E+00 -1.07312270E-01
1.04901730E+03 9.90252059E-01 -6.11725250E-02
1.04931610E+03 9.61056330E-01 -2.26616340E-02
1.04961510E+03 9.18028077E-01 -1.49007920E-03
1.04991420E+03 8.71062260E-01 -4.31395730E-03
1.05021360E+03 8.32284344E-01 -3.10464230E-02
1.05051300E+03 8.12000296E-01 -7.15550190E-02
1.05081270E+03 8.14206872E-01 -1.07687390E-01
1.05111250E+03 8.35201036E-01 -1.22144600E-01
1.05141250E+03 8.66538199E-01 -1.06484970E-01
1.05171270E+03 8.99202519E-01 -6.16899850E-02
1.05201300E+03 9.25967413E-01 +6.00210900E-03
1.05231360E+03 9.41970387E-01 +8.92253210E-02
1.05261420E+03 9.44762653E-01 +1.81915310E-01
1.05291510E+03 9.34396971E-01 +2.80180670E-01
1.05321610E+03 9.13284983E-01 +3.82047940E-01
1.05351730E+03 8.85440546E-01 +4.86494690E-01
1.05381870E+03 8.55130955E-01 +5.92242130E-01
1.05412030E+03 8.25378410E-01 +6.96911300E-01
1.05442200E+03 7.96928297E-01 +7.97106870E-01
1.05472390E+03 7.68180929E-01 +8.89463600E-01
1.05502590E+03 7.36162733E-01 +9.71939030E-01
1.05532820E+03 6.98077532E-01 +1.04448070E+00
1.05563060E+03 6.52710357E-01 +1.10880350E+00
1.05593320E+03 6.01110938E-01 +1.16760020E+00
1.05623590E+03 5.46356138E-01 +1.22354800E+00
1.05653880E+03 4.92541379E-01 +1.27823390E+00
1.05684200E+03 4.43394926E-01 +1.33112960E+00
1.05714520E+03 4.01041781E-01 +1.37916800E+00
1.05744870E+03 3.65432415E-01 +1.41772740E+00
1.05775230E+03 3.34697445E-01 +1.44293990E+00
1.05805610E+03 3.06218329E-01 +1.45379280E+00
1.05836010E+03 2.77859218E-01 +1.45257230E+00
1.05866420E+03 2.48843953E-01 +1.44377700E+00
1.05896860E+03 2.20007204E-01 +1.43243850E+00
1.05927310E+03 1.93373866E-01 +1.42210850E+00
1.05957770E+03 1.71230392E-01 +1.41212370E+00
1.05988260E+03 1.55068185E-01 +1.39503620E+00
1.06018760E+03 1.44931398E-01 +1.35776420E+00
1.06049280E+03 1.39567407E-01 +1.28829720E+00
1.06079820E+03 1.37180964E-01 +1.18264060E+00
1.06110380E+03 1.36109368E-01 +1.04608800E+00
1.06140950E+03 1.35031959E-01 +8.89902870E-01
1.06171540E+03 1.32899206E-01 +7.27231300E-01
1.06202150E+03 1.28913580E-01 +5.70126530E-01
1.06232770E+03 1.22683675E-01 +4.27735110E-01
1.06263420E+03 1.14438258E-01 +3.04752900E-01
1.06294080E+03 1.05061782E-01 +1.99004090E-01
1.06324760E+03 9.57521018E-02 +9.79460840E-02
1.06355460E+03 8.74223564E-02 -2.32905480E-02
1.06386170E+03 8.04215755E-02 -1.97924170E-01
1.06416900E+03 7.50485649E-02 -4.57327250E-01
1.06447650E+03 7.24259394E-02 -8.16921900E-01
1.06478420E+03 7.45534781E-02 -1.25799090E+00
1.06509210E+03 8.28536270E-02 -1.72561790E+00
1.06540010E+03 9.66011397E-02 -2.16727460E+00
1.06570830E+03 1.13016578E-01 -2.56436350E+00
1.06601670E+03 1.28252193E-01 -2.92365920E+00
1.06632530E+03 1.38380027E-01 -3.26165450E+00
1.06663400E+03 1.40518721E-01 -3.59844730E+00
1.06694290E+03 1.33971773E-01 -3.95738330E+00
1.06725200E+03 1.20919734E-01 -4.36592650E+00
1.06756130E+03 1.06240609E-01 -4.85127110E+00
1.06787080E+03 9.58294866E-02 -5.41808370E+00
1.06818040E+03 9.29564312E-02 -6.02049820E+00
1.06849020E+03 9.59184633E-02 -6.59575890E+00
1.06880020E+03 1.00944668E-01 -7.12225140E+00
1.06911040E+03 1.05593058E-01 -7.60704080E+00
1.06942080E+03 1.08730387E-01 -8.05616250E+00
1.06973130E+03 1.09302969E-01 -8.46913820E+00
1.07004210E+03 1.05946590E-01 -8.84388200E+00
1.07035300E+03 9.74440147E-02 -9.17829260E+00
1.07066400E+03 8.32858740E-02 -9.46603630E+00
1.07097530E+03 6.40362288E-02 -9.68463970E+00
1.07128680E+03 4.19779597E-02 -9.75178720E+00
1.07159840E+03 2.49824236E-02 -9.34799360E+00
1.07191020E+03 3.12557046E-02 -8.62229520E+00
1.07222220E+03 4.98416462E-02 -8.49433210E+00
1.07253440E+03 6.55971981E-02 -8.60264130E+00
1.07284670E+03 7.45150112E-02 -8.78933830E+00
1.07315920E+03 7.62191308E-02 -9.01727060E+00
1.07347200E+03 7.22797925E-02 -9.27326510E+00
1.07378490E+03 6.49340981E-02 -9.54197140E+00
1.07409800E+03 5.57957991E-02 -9.79601760E+00
1.07441120E+03 4.54725049E-02 -9.99533250E+00
1.07472470E+03 3.45015956E-02 -1.00834440E+01
1.07503830E+03 2.48728810E-02 -9.96797980E+00
1.07535210E+03 2.05742344E-02 -9.60402950E+00
1.07566610E+03 2.23634436E-02 -9.28275700E+00
1.07598030E+03 2.48376955E-02 -9.17778630E+00
1.07629470E+03 2.42103476E-02 -9.19613170E+00
1.07660920E+03 1.97628614E-02 -9.25509590E+00
1.07692390E+03 1.24693929E-02 -9.26324640E+00
1.07723880E+03 5.07263866E-03 -8.73343820E+00
1.07755400E+03 8.15138835E-03 -7.42585590E+00
1.07786920E+03 1.55575956E-02 -7.33705430E+00
1.07818470E+03 2.13216367E-02 -7.45537350E+00
1.07850040E+03 2.45180213E-02 -7.61704970E+00
1.07881620E+03 2.49047086E-02 -7.78509450E+00
1.07913220E+03 2.27027941E-02 -7.94186580E+00
1.07944840E+03 1.86128047E-02 -8.06905760E+00
1.07976480E+03 1.37799920E-02 -8.12928070E+00
1.08008140E+03 9.72163212E-03 -8.04211740E+00
1.08039820E+03 8.11935305E-03 -7.78034950E+00
1.08071510E+03 9.14213334E-03 -7.62312980E+00
1.08103230E+03 1.10569883E-02 -7.70332010E+00
1.08134960E+03 1.26374471E-02 -7.91982970E+00
1.08166710E+03 1.33145969E-02 -8.20169140E+00
1.08198480E+03 1.28603674E-02 -8.52599150E+00
1.08230270E+03 1.14175777E-02 -8.89780390E+00
1.08262070E+03 9.48817891E-03 -9.33494650E+00
1.08293900E+03 7.66592467E-03 -9.84651530E+00
1.08325740E+03 6.23750030E-03 -1.04126620E+01
1.08357610E+03 5.10728793E-03 -1.10089240E+01
1.08389490E+03 4.16897565E-03 -1.16477280E+01
1.08421390E+03 3.50279845E-03 -1.23422900E+01
1.08453310E+03 3.08783641E-03 -1.30379020E+01
1.08485250E+03 2.60040985E-03 -1.36923470E+01
1.08517210E+03 1.80549370E-03 -1.44408960E+01
1.08549180E+03 1.31392599E-03 -1.57771000E+01
1.08581180E+03 2.28389693E-03 -1.69584730E+01
1.08613190E+03 3.66055010E-03 -1.75745650E+01
1.08645220E+03 4.85860237E-03 -1.80458060E+01
1.08677270E+03 5.80579590E-03 -1.84603610E+01
1.08709340E+03 6.44594625E-03 -1.88199060E+01
1.08741430E+03 6.58138549E-03 -1.91153390E+01
1.08773540E+03 5.97368320E-03 -1.93392740E+01
1.08805670E+03 4.54876698E-03 -1.94601990E+01
1.08837820E+03 2.67119975E-03 -1.93000580E+01
1.08869980E+03 2.11030536E-03 -1.83792690E+01
1.08902160E+03 3.67603319E-03 -1.79615910E+01
1.08934370E+03 5.00333479E-03 -1.80121430E+01
1.08966590E+03 5.34262754E-03 -1.81977510E+01
1.08998830E+03 4.66587002E-03 -1.84690580E+01
1.09031090E+03 3.31541023E-03 -1.88766920E+01
1.09063370E+03 2.03309992E-03 -1.96585450E+01
1.09095670E+03 2.08785797E-03 -2.08322410E+01
1.09127990E+03 3.03556947E-03 -2.15468140E+01
1.09160320E+03 3.78823310E-03 -2.20158920E+01
1.09192680E+03 4.14344651E-03 -2.24302900E+01
1.09225060E+03 4.16853236E-03 -2.28327110E+01
1.09257450E+03 3.93579446E-03 -2.32148290E+01
1.09289860E+03 3.42912117E-03 -2.35466430E+01
1.09322300E+03 2.58163601E-03 -2.37800050E+01
1.09354750E+03 1.44634705E-03 -2.37449030E+01
1.09387220E+03 1.01446133E-03 -2.26393080E+01
1.09419710E+03 2.28135245E-03 -2.21825310E+01
1.09452220E+03 3.62877114E-03 -2.22633730E+01
1.09484750E+03 4.60479348E-03 -2.24485960E+01
1.09517300E+03 5.09505083E-03 -2.26673610E+01
1.09549870E+03 5.11068978E-03 -2.28887050E+01
1.09582460E+03 4.72676200E-03 -2.30823370E+01
1.09615060E+03 4.05780963E-03 -2.32079060E+01
1.09647690E+03 3.28820118E-03 -2.32061180E+01
1.09680330E+03 2.73779627E-03 -2.30171650E+01
1.09713000E+03 2.73557924E-03 -2.27260170E+01
1.09745680E+03 3.15688243E-03 -2.25484040E+01
1.09778390E+03 3.58308666E-03 -2.25198560E+01
1.09811110E+03 3.75668710E-03 -2.25826140E+01
1.09843860E+03 3.61846832E-03 -2.26941290E+01
1.09876620E+03 3.23115877E-03 -2.28274010E+01
1.09909400E+03 2.70809686E-03 -2.29582620E+01
1.09942200E+03 2.15843214E-03 -2.30543640E+01
1.09975020E+03 1.67353010E-03 -2.30643590E+01
1.10007860E+03 1.36174216E-03 -2.29301090E+01
1.10040720E+03 1.33785358E-03 -2.27084890E+01
1.10073610E+03 1.55358765E-03 -2.25894070E+01
1.10106510E+03 1.81507945E-03 -2.26117990E+01
1.10139420E+03 1.97251733E-03 -2.27093290E+01
1.10172360E+03 1.96695991E-03 -2.28258250E+01
1.10205320E+03 1.81351427E-03 -2.29269530E+01
1.10238300E+03 1.56099058E-03 -2.29985800E+01
1.10271300E+03 1.24023506E-03 -2.30443560E+01
1.10304320E+03 8.49059603E-04 -2.30555110E+01
1.10337360E+03 4.14423033E-04 -2.28545090E+01
1.10370410E+03 2.98121673E-04 -2.15053440E+01
1.10403490E+03 6.39274863E-04 -2.11388400E+01
1.10436590E+03 8.84068623E-04 -2.12610210E+01
1.10469710E+03 9.59007841E-04 -2.14934160E+01
1.10502840E+03 9.17578242E-04 -2.17814040E+01
1.10536000E+03 8.57773915E-04 -2.20960170E+01
1.10569180E+03 8.50993596E-04 -2.23864780E+01
1.10602370E+03 9.02649805E-04 -2.26094360E+01
1.10635590E+03 9.72671913E-04 -2.27665310E+01
1.10668830E+03 1.01706460E-03 -2.28778390E+01
1.10702080E+03 1.01527617E-03 -2.29619110E+01
1.10735360E+03 9.67244566E-04 -2.30452450E+01
1.10768660E+03 8.71165776E-04 -2.31655240E+01
1.10801970E+03 7.21884915E-04 -2.33585040E+01
1.10835310E+03 5.34216735E-04 -2.36527340E+01
1.10868670E+03 3.50553648E-04 -2.40791020E+01
1.10902040E+03 2.14788673E-04 -2.46542460E+01
1.10935440E+03 1.34070832E-04 -2.52726590E+01
1.10968860E+03 8.10016926E-05 -2.56803520E+01
1.11002300E+03 4.88861535E-05 -2.55792930E+01
1.11035750E+03 5.20800470E-05 -2.52977740E+01
1.11069230E+03 6.51251833E-05 -2.54765840E+01
1.11102730E+03 7.47058572E-05 -2.58456670E+01
1.11136250E+03 8.30699789E-05 -2.62242530E+01
1.11169790E+03 9.04426105E-05 -2.65678960E+01
1.11203340E+03 9.39277222E-05 -2.69047140E+01
1.11236920E+03 8.92605181E-05 -2.72686170E+01
1.11270520E+03 7.40624115E-05 -2.76944370E+01
1.11304140E+03 5.26673827E-05 -2.82779960E+01
1.11337780E+03 4.02554046E-05 -2.91846610E+01
1.11371440E+03 4.84616797E-05 -3.00278430E+01
1.11405120E+03 6.30480190E-05 -3.04869390E+01
1.11438820E+03 7.32840276E-05 -3.07609670E+01
1.11472540E+03 7.45421753E-05 -3.09559870E+01
1.11506280E+03 6.43869754E-05 -3.10728610E+01
1.11540050E+03 4.72028347E-05 -3.09988640E+01
1.11573830E+03 3.95250617E-05 -3.05943670E+01
1.11607630E+03 4.88629676E-05 -3.03564810E+01
1.11641460E+03 5.58193739E-05 -3.04768080E+01
1.11675300E+03 4.81007827E-05 -3.07802260E+01
1.11709160E+03 2.47772085E-05 -3.13433860E+01
1.11743050E+03 1.92326813E-05 -3.36018700E+01
1.11776950E+03 5.35660079E-05 -3.43856940E+01
1.11810880E+03 7.96818085E-05 -3.47968340E+01
1.11844830E+03 8.71302904E-05 -3.51537740E+01
1.11878790E+03 7.33190016E-05 -3.54739650E+01
1.11912780E+03 4.34268212E-05 -3.56730930E+01
1.11946790E+03 1.79461809E-05 -3.49815090E+01
1.11980820E+03 3.57215747E-05 -3.42714540E+01
1.12014870E+03 4.91041312E-05 -3.45187570E+01
1.12048940E+03 4.33524532E-05 -3.49418230E+01
1.12083030E+03 2.24514340E-05 -3.55234840E+01
1.12117150E+03 8.61585492E-06 -3.80934330E+01
1.12151280E+03 3.18014669E-05 -3.91399050E+01
1.12185430E+03 4.68890456E-05 -3.96358830E+01
1.12219610E+03 4.95513400E-05 -4.00068540E+01
1.12253800E+03 4.32050634E-05 -4.02183550E+01
1.12288020E+03 3.71558313E-05 -4.02410480E+01
1.12322260E+03 3.64770462E-05 -4.02713330E+01
1.12356510E+03 3.43897499E-05 -4.04930340E+01
1.12390790E+03 2.50958182E-05 -4.08729450E+01
1.12425090E+03 1.00810624E-05 -4.14173990E+01
1.12459410E+03 6.09700525E-06 -4.46284690E+01
1.12493750E+03 1.79219597E-05 -4.53186550E+01
1.12528120E+03 2.28450001E-05 -4.58301320E+01
1.12562500E+03 1.97819162E-05 -4.62698180E+01
1.12596910E+03 1.17305115E-05 -4.65691410E+01
1.12631330E+03 5.56417298E-06 -4.62866480E+01
1.12665780E+03 6.58650993E-06 -4.59389410E+01
1.12700250E+03 6.83179932E-06 -4.63806040E+01
1.12734740E+03 4.23597061E-06 -4.73802370E+01
1.12769250E+03 4.94289925E-06 -4.91784040E+01
1.12803780E+03 8.03568286E-06 -5.01390360E+01
1.12838330E+03 8.91565152E-06 -5.08713800E+01
1.12872900E+03 7.79620491E-06 -5.14802470E+01
1.12907500E+03 4.97104727E-06 -5.17016040E+01
1.12942110E+03 4.41717930E-06 -5.10173800E+01
1.12976750E+03 7.95988266E-06 -5.09544980E+01
1.13011410E+03 1.01434146E-05 -5.12966960E+01
1.13046090E+03 9.80653292E-06 -5.16779870E+01
1.13080790E+03 7.56708326E-06 -5.19231220E+01
1.13115510E+03 5.39739984E-06 -5.18134240E+01
1.13150260E+03 5.41532612E-06 -5.15766390E+01
1.13185020E+03 5.70602217E-06 -5.16999290E+01
1.13219810E+03 4.71444355E-06 -5.19896300E+01
1.13254620E+03 2.82758489E-06 -5.20723600E+01
1.13289440E+03 2.23928089E-06 -5.13117230E+01
1.13324300E+03 3.62297737E-06 -5.10869500E+01
1.13359170E+03 3.80432175E-06 -5.12600200E+01
1.13394060E+03 2.54126331E-06 -5.14027160E+01
1.13428980E+03 1.44417824E-06 -5.10259600E+01
1.13463910E+03 2.05090278E-06 -5.07671330E+01
1.13498870E+03 2.98569685E-06 -5.11417580E+01
1.13533850E+03 3.44105711E-06 -5.15568300E+01
1.13568850E+03 3.01638688E-06 -5.18651800E+01
1.13603870E+03 2.10739738E-06 -5.20263530E+01
1.13638920E+03 1.56674296E-06 -5.21198420E+01
1.13673980E+03 1.64817444E-06 -5.24393590E+01
1.13709070E+03 1.94086334E-06 -5.28251570E+01
1.13744180E+03 1.75510370E-06 -5.30656170E+01
1.13779310E+03 1.00107063E-06 -5.29543020E+01
1.13814460E+03 8.31475261E-07 -5.19477730E+01
1.13849640E+03 1.33629682E-06 -5.16755440E+01
1.13884840E+03 1.49532772E-06 -5.16894150E+01
1.13920050E+03 1.48931011E-06 -5.16074300E+01
1.13955290E+03 1.73239248E-06 -5.15141370E+01
1.13990550E+03 2.12958872E-06 -5.15882940E+01
1.14025840E+03 2.32366002E-06 -5.17429020E+01
1.14061140E+03 2.18041760E-06 -5.18197420E+01
1.14096470E+03 1.88784801E-06 -5.16658850E+01
1.14131820E+03 1.74199458E-06 -5.13236340E+01
1.14167190E+03 1.55463999E-06 -5.09969250E+01
1.14202580E+03 1.24272310E-06 -5.06399900E+01
1.14238000E+03 1.25905202E-06 -5.04682660E+01
1.14273430E+03 1.77100779E-06 -5.07663280E+01
1.14308890E+03 2.57591252E-06 -5.10973070E+01
1.14344370E+03 2.87604037E-06 -5.13330320E+01
1.14379880E+03 2.26280218E-06 -5.14892050E+01
1.14415400E+03 1.15620893E-06 -5.12850490E+01
1.14450950E+03 1.23825462E-06 -5.01550860E+01
1.14486520E+03 2.25224244E-06 -4.99949650E+01
1.14522110E+03 2.67511839E-06 -5.01322630E+01
1.14557720E+03 2.37409783E-06 -5.03107820E+01
1.14593360E+03 1.68828783E-06 -5.03695690E+01
1.14629020E+03 1.22533542E-06 -4.99656270E+01
1.14664700E+03 1.67406496E-06 -4.95215500E+01
1.14700400E+03 2.35324174E-06 -4.95734530E+01
1.14736120E+03 2.69996235E-06 -4.98384900E+01
1.14771870E+03 2.62485594E-06 -5.01645580E+01
1.14807640E+03 2.11797332E-06 -5.04311490E+01
1.14843430E+03 1.36672130E-06 -5.04187960E+01
1.14879240E+03 1.25083344E-06 -4.98483060E+01
1.14915080E+03 2.03998738E-06 -4.96991670E+01
1.14950940E+03 2.73953887E-06 -4.98716690E+01
1.14986820E+03 2.83695405E-06 -5.00662170E+01
1.15022720E+03 2.24204931E-06 -5.01779780E+01
1.15058640E+03 1.33724321E-06 -5.00992010E+01
1.15094590E+03 7.30084303E-07 -4.97304940E+01
1.15130560E+03 4.95289663E-07 -4.96306100E+01
1.15166550E+03 4.50788132E-07 -5.01854140E+01
1.15202570E+03 4.94240468E-07 -5.03268910E+01
1.15238610E+03 4.90428639E-07 -4.97149930E+01
1.15274670E+03 6.53226630E-07 -4.91033770E+01
1.15310750E+03 6.35605931E-07 -4.87857190E+01
1.15346860E+03 4.43988446E-07 -4.83718670E+01
1.15382980E+03 4.07018734E-07 -4.81463590E+01
1.15419140E+03 5.63339178E-07 -4.86242050E+01
1.15455310E+03 8.43870114E-07 -4.90582010E+01
1.15491510E+03 9.06718898E-07 -4.93132130E+01
1.15527720E+03 6.46155949E-07 -4.93777800E+01
1.15563970E+03 3.85911933E-07 -4.87395410E+01
1.15600230E+03 6.06576277E-07 -4.80786570E+01
1.15636520E+03 7.86020337E-07 -4.80339830E+01
1.15672830E+03 6.83063526E-07 -4.80479180E+01
1.15709160E+03 4.45769750E-07 -4.79418030E+01
1.15745510E+03 3.32627780E-07 -4.77756640E+01
1.15781890E+03 3.81865513E-07 -4.79707440E+01
1.15818290E+03 4.70084684E-07 -4.83090290E+01
1.15854720E+03 4.54796163E-07 -4.86449420E+01
1.15891170E+03 3.51746500E-07 -4.90229730E+01
1.15927640E+03 2.62641223E-07 -4.92164490E+01
1.15964130E+03 2.48858146E-07 -4.88647440E+01
1.16000640E+03 3.18513265E-07 -4.86201820E+01
1.16037180E+03 2.86125460E-07 -4.88635080E+01
1.16073750E+03 2.09200942E-07 -4.99939820E+01
1.16110330E+03 3.56130847E-07 -5.10941920E+01
1.16146940E+03 4.73239337E-07 -5.16842860E+01
1.16183570E+03 4.56933781E-07 -5.21885360E+01
1.16220220E+03 3.08036491E-07 -5.27143400E+01
1.16256900E+03 1.50128002E-07 -5.38152960E+01
1.16293600E+03 1.86873610E-07 -5.49922950E+01
1.16330330E+03 1.53864687E-07 -5.54388560E+01
1.16367070E+03 5.60903477E-08 -5.66922540E+01
1.16403840E+03 1.13653275E-07 -5.79438130E+01
1.16440640E+03 1.04417321E-07 -5.80810600E+01
1.16477450E+03 3.67694941E-08 -5.78548630E+01
1.16514290E+03 2.19585416E-08 -6.18852500E+01
1.16551160E+03 4.56225219E-08 -6.12670670E+01
1.16588040E+03 7.69058528E-08 -6.10106880E+01
1.16624950E+03 1.10768913E-07 -6.08835020E+01
1.16661890E+03 1.36383654E-07 -6.06988410E+01
1.16698840E+03 1.53245790E-07 -6.05503130E+01
1.16735820E+03 1.39689778E-07 -6.05814090E+01
1.16772830E+03 8.67549883E-08 -6.08338940E+01
1.16809850E+03 2.97508408E-08 -6.17471470E+01
1.16846900E+03 4.38899829E-08 -6.35221890E+01
1.16883980E+03 7.57969538E-08 -6.40417760E+01
1.16921080E+03 9.78234246E-08 -6.44378550E+01
1.16958200E+03 1.01615127E-07 -6.48823330E+01
1.16995340E+03 8.23282807E-08 -6.54292030E+01
1.17032510E+03 5.54501235E-08 -6.61158590E+01
1.17069700E+03 3.61097231E-08 -6.67158300E+01
1.17106920E+03 2.15525732E-08 -6.67096370E+01
1.17144160E+03 1.98174345E-08 -6.59041250E+01
1.17181420E+03 3.81831141E-08 -6.53166820E+01
1.17218710E+03 7.27824931E-08 -6.52946870E+01
1.17256020E+03 1.01554542E-07 -6.55476090E+01
1.17293350E+03 1.02396851E-07 -6.59138180E+01
1.17330710E+03 7.39432952E-08 -6.63424690E+01
1.17368090E+03 3.80055391E-08 -6.68007400E+01
1.17405500E+03 1.97682581E-08 -6.69520550E+01
1.17442930E+03 2.77770600E-08 -6.68995570E+01
1.17480380E+03 3.79481778E-08 -6.72436510E+01
1.17517860E+03 3.07289549E-08 -6.76981580E+01
1.17555360E+03 1.28785345E-08 -6.81333850E+01
1.17592880E+03 6.53749899E-09 -6.72293630E+01
1.17630430E+03 1.61924482E-08 -6.74427620E+01
1.17668000E+03 1.77344408E-08 -6.78007380E+01
1.17705600E+03 1.03797712E-08 -6.72755520E+01
1.17743220E+03 2.10431946E-08 -6.65336440E+01
1.17780870E+03 2.67397846E-08 -6.66463400E+01
1.17818540E+03 1.65193813E-08 -6.68704110E+01
1.17856230E+03 5.48282783E-09 -6.83602680E+01
1.17893950E+03 1.74946317E-08 -6.90921260E+01
1.17931690E+03 2.69144957E-08 -6.89628900E+01
1.17969450E+03 2.91126581E-08 -6.87462730E+01
1.18007240E+03 2.66590261E-08 -6.85154460E+01
1.18045060E+03 2.06922756E-08 -6.84785190E+01
1.18082900E+03 1.14810805E-08 -6.89732500E+01
1.18120760E+03 1.17656972E-08 -7.01400010E+01
1.18158650E+03 1.74433082E-08 -7.04670060E+01
1.18196560E+03 1.99978376E-08 -7.05439100E+01
1.18234490E+03 1.85730038E-08 -7.08225150E+01
1.18272450E+03 1.49321040E-08 -7.14067450E+01
1.18310440E+03 9.63650694E-09 -7.19921040E+01
1.18348450E+03 7.64440606E-10 -7.50253740E+01
1.18386480E+03 1.15287211E-08 -7.56568310E+01
1.18424540E+03 1.68041230E-08 -7.58208560E+01
1.18462620E+03 1.65583764E-08 -7.60005450E+01
1.18500730E+03 1.33256962E-08 -7.62394810E+01
1.18538860E+03 8.51266492E-09 -7.63251440E+01
1.18577010E+03 5.59939899E-09 -7.57322820E+01
1.18615190E+03 6.09601878E-09 -7.53537480E+01
1.18653400E+03 2.88241909E-09 -7.55402900E+01
1.18691630E+03 1.99618358E-09 -7.82277970E+01
1.18729880E+03 3.32018042E-09 -7.84364760E+01
1.18768160E+03 1.74507544E-09 -7.82750160E+01
1.18806460E+03 1.03030180E-09 -8.18591920E+01
1.18844790E+03 4.34254960E-09 -8.18462550E+01
1.18883150E+03 7.04538423E-09 -8.22268170E+01
1.18921520E+03 7.76556495E-09 -8.26593210E+01
1.18959930E+03 6.13774478E-09 -8.29974200E+01
1.18998350E+03 3.81489043E-09 -8.30046950E+01
1.19036810E+03 3.58377664E-09 -8.26702840E+01
1.19075280E+03 4.20595982E-09 -8.27600290E+01
1.19113780E+03 3.39664658E-09 -8.31173350E+01
1.19152310E+03 1.62277950E-09 -8.38341020E+01
1.19190860E+03 1.22100078E-09 -8.53737650E+01
1.19229440E+03 1.66333953E-09 -8.60124670E+01
1.19268040E+03 2.06983139E-09 -8.62866720E+01
1.19306670E+03 2.94031546E-09 -8.65766620E+01
1.19345320E+03 3.78566837E-09 -8.68983260E+01
1.19384000E+03 3.51163096E-09 -8.72224810E+01
1.19422700E+03 1.91587304E-09 -8.75481300E+01
1.19461420E+03 9.06540269E-11 -8.74346230E+01
1.19500180E+03 8.32634506E-10 -9.13561280E+01
1.19538950E+03 8.49875626E-10 -9.14375870E+01
1.19577760E+03 9.32827229E-10 -9.18140860E+01
1.19616580E+03 1.82661862E-09 -9.26579450E+01
1.19655440E+03 3.10509095E-09 -9.32012920E+01
1.19694310E+03 3.27832396E-09 -9.35500610E+01
1.19733220E+03 2.24825757E-09 -9.37011800E+01
1.19772150E+03 1.38050896E-09 -9.36817340E+01
1.19811100E+03 1.27190361E-09 -9.43181880E+01
1.19850080E+03 2.14241460E-09 -9.51021590E+01
1.19889080E+03 2.89680572E-09 -9.54447650E+01
1.19928110E+03 3.04697214E-09 -9.56033420E+01
1.19967170E+03 3.04628264E-09 -9.57248210E+01
1.20006250E+03 3.03932450E-09 -9.58576260E+01
1.20045360E+03 2.84029537E-09 -9.60643120E+01
1.20084490E+03 2.29311059E-09 -9.65395530E+01
1.20123650E+03 1.82797735E-09 -9.73328510E+01
1.20162830E+03 1.38433302E-09 -9.79635610E+01
1.20202040E+03 5.40378562E-10 -9.81582130E+01
1.20241270E+03 1.99418068E-10 -1.00659700E+02
1.20280530E+03 1.24569992E-09 -1.00508100E+02
1.20319820E+03 2.26176279E-09 -1.00547380E+02
1.20359130E+03 2.25640898E-09 -1.00515630E+02
1.20398460E+03 1.83743569E-09 -1.00146540E+02
1.20437830E+03 1.80509069E-09 -9.97916200E+01
1.20477210E+03 1.23226454E-09 -9.95827420E+01
1.20516630E+03 6.95915649E-10 -9.83178530E+01
1.20556070E+03 1.38518580E-09 -9.77828120E+01
1.20595530E+03 1.45898122E-09 -9.81148770E+01
1.20635030E+03 1.48465619E-09 -9.90366010E+01
1.20674540E+03 2.15436030E-09 -9.98011600E+01
1.20714090E+03 2.41255810E-09 -1.00288100E+02
1.20753660E+03 1.96371846E-09 -1.00789030E+02
1.20793250E+03 1.42496832E-09 -1.01460850E+02
1.20832870E+03 1.25696973E-09 -1.02247960E+02
1.20872520E+03 1.39812693E-09 -1.02960050E+02
1.20912190E+03 1.69097235E-09 -1.03486530E+02
1.20951890E+03 1.86378057E-09 -1.03837610E+02
1.20991620E+03 1.67239340E-09 -1.04193550E+02
1.21031370E+03 1.19043022E-09 -1.04874010E+02
1.21071140E+03 1.09441560E-09 -1.05977690E+02
1.21110950E+03 1.17432989E-09 -1.06763290E+02
1.21150780E+03 8.45609378E-10 -1.07466400E+02
1.21190630E+03 5.52753001E-10 -1.08650330E+02
1.21230520E+03 5.92644531E-10 -1.09571450E+02
1.21270420E+03 3.93669506E-10 -1.09822760E+02
1.21310360E+03 2.93970357E-10 -1.08988830E+02
1.21350320E+03 6.15346195E-10 -1.08927770E+02
1.21390310E+03 7.78144228E-10 -1.09279800E+02
1.21430320E+03 5.17532192E-10 -1.09677510E+02
1.21470360E+03 4.63598965E-11 -1.12857950E+02
1.21510430E+03 5.24382198E-10 -1.13670730E+02
1.21550520E+03 6.69263790E-10 -1.14355130E+02
1.21590640E+03 6.42600817E-10 -1.15380410E+02
1.21630790E+03 7.89134551E-10 -1.16459830E+02
1.21670960E+03 1.00934360E-09 -1.17144920E+02
1.21711160E+03 1.12521460E-09 -1.17548780E+02
1.21751380E+03 1.20659409E-09 -1.17888590E+02
1.21791640E+03 1.16758023E-09 -1.18306910E+02
1.21831910E+03 7.97858766E-10 -1.18966980E+02
1.21872220E+03 4.69278691E-10 -1.20495070E+02
