1.000000000000E+3	0.000000000000E+0
1.000078201369E+3	4.000000000000E+0
1.000156402737E+3	8.000000000000E+0
1.000234604106E+3	3.000000000000E+0
1.000312805474E+3	6.000000000000E+0
1.000391006843E+3	0.000000000000E+0
1.000469208211E+3	3.000000000000E+0
1.000547409580E+3	3.000000000000E+0
1.000625610948E+3	0.000000000000E+0
1.000703812317E+3	7.000000000000E+0
1.000782013685E+3	8.000000000000E+0
1.000860215054E+3	8.000000000000E+0
1.000938416422E+3	8.000000000000E+0
1.001016617791E+3	4.000000000000E+0
1.001094819159E+3	3.000000000000E+0
1.001173020528E+3	0.000000000000E+0
1.001251221896E+3	2.000000000000E+0
1.001329423265E+3	0.000000000000E+0
1.001407624633E+3	2.000000000000E+0
1.001485826002E+3	9.000000000000E+0
1.001564027370E+3	1.000000000000E+0
1.001642228739E+3	4.000000000000E+0
1.001720430108E+3	6.000000000000E+0
1.001798631476E+3	0.000000000000E+0
1.001876832845E+3	6.000000000000E+0
1.001955034213E+3	4.000000000000E+0
1.002033235582E+3	2.000000000000E+0
1.002111436950E+3	2.000000000000E+0
1.002189638319E+3	6.000000000000E+0
1.002267839687E+3	3.000000000000E+0
1.002346041056E+3	2.000000000000E+0
1.002424242424E+3	0.000000000000E+0
1.002502443793E+3	8.000000000000E+0
1.002580645161E+3	3.000000000000E+0
1.002658846530E+3	3.000000000000E+0
1.002737047898E+3	6.000000000000E+0
1.002815249267E+3	4.000000000000E+0
1.002893450635E+3	6.000000000000E+0
1.002971652004E+3	3.000000000000E+0
1.003049853372E+3	2.000000000000E+0
1.003128054741E+3	0.000000000000E+0
1.003206256109E+3	8.000000000000E+0
1.003284457478E+3	3.000000000000E+0
1.003362658847E+3	4.000000000000E+0
1.003440860215E+3	4.000000000000E+0
1.003519061584E+3	4.000000000000E+0
1.003597262952E+3	3.000000000000E+0
1.003675464321E+3	8.000000000000E+0
1.003753665689E+3	7.000000000000E+0
1.003831867058E+3	9.000000000000E+0
1.003910068426E+3	7.000000000000E+0
1.003988269795E+3	8.000000000000E+0
1.004066471163E+3	9.000000000000E+0
1.004144672532E+3	4.000000000000E+0
1.004222873900E+3	4.000000000000E+0
1.004301075269E+3	1.000000000000E+1
1.004379276637E+3	5.000000000000E+0
1.004457478006E+3	1.000000000000E+1
1.004535679374E+3	6.000000000000E+0
1.004613880743E+3	1.000000000000E+1
1.004692082111E+3	4.000000000000E+0
1.004770283480E+3	6.000000000000E+0
1.004848484848E+3	1.100000000000E+1
1.004926686217E+3	8.000000000000E+0
1.005004887586E+3	7.000000000000E+0
1.005083088954E+3	5.000000000000E+0
1.005161290323E+3	1.000000000000E+1
1.005239491691E+3	3.000000000000E+0
1.005317693060E+3	4.000000000000E+0
1.005395894428E+3	6.000000000000E+0
1.005474095797E+3	1.000000000000E+0
1.005552297165E+3	7.000000000000E+0
1.005630498534E+3	6.000000000000E+0
1.005708699902E+3	2.000000000000E+0
1.005786901271E+3	8.000000000000E+0
1.005865102639E+3	8.000000000000E+0
1.005943304008E+3	5.000000000000E+0
1.006021505376E+3	4.000000000000E+0
1.006099706745E+3	1.200000000000E+1
1.006177908113E+3	1.000000000000E+1
1.006256109482E+3	8.000000000000E+0
1.006334310850E+3	6.000000000000E+0
1.006412512219E+3	6.000000000000E+0
1.006490713587E+3	9.000000000000E+0
1.006568914956E+3	1.000000000000E+1
1.006647116325E+3	1.000000000000E+1
1.006725317693E+3	4.000000000000E+0
1.006803519062E+3	4.000000000000E+0
1.006881720430E+3	2.000000000000E+0
1.006959921799E+3	4.000000000000E+0
1.007038123167E+3	4.000000000000E+0
1.007116324536E+3	6.000000000000E+0
1.007194525904E+3	5.000000000000E+0
1.007272727273E+3	1.000000000000E+1
1.007350928641E+3	4.000000000000E+0
1.007429130010E+3	3.000000000000E+0
1.007507331378E+3	4.000000000000E+0
1.007585532747E+3	5.000000000000E+0
1.007663734115E+3	5.000000000000E+0
1.007741935484E+3	6.000000000000E+0
1.007820136852E+3	4.000000000000E+0
1.007898338221E+3	6.000000000000E+0
1.007976539589E+3	3.000000000000E+0
1.008054740958E+3	8.000000000000E+0
1.008132942326E+3	5.000000000000E+0
1.008211143695E+3	2.000000000000E+0
1.008289345064E+3	7.000000000000E+0
1.008367546432E+3	9.000000000000E+0
1.008445747801E+3	9.000000000000E+0
1.008523949169E+3	1.000000000000E+1
1.008602150538E+3	6.000000000000E+0
1.008680351906E+3	6.000000000000E+0
1.008758553275E+3	8.000000000000E+0
1.008836754643E+3	7.000000000000E+0
1.008914956012E+3	6.000000000000E+0
1.008993157380E+3	6.000000000000E+0
1.009071358749E+3	8.000000000000E+0
1.009149560117E+3	8.000000000000E+0
1.009227761486E+3	7.000000000000E+0
1.009305962854E+3	1.100000000000E+1
1.009384164223E+3	8.000000000000E+0
1.009462365591E+3	5.000000000000E+0
1.009540566960E+3	6.000000000000E+0
1.009618768328E+3	1.000000000000E+1
1.009696969697E+3	8.000000000000E+0
1.009775171065E+3	8.000000000000E+0
1.009853372434E+3	3.000000000000E+0
1.009931573803E+3	4.000000000000E+0
1.010009775171E+3	8.000000000000E+0
1.010087976540E+3	5.000000000000E+0
1.010166177908E+3	1.200000000000E+1
1.010244379277E+3	4.000000000000E+0
1.010322580645E+3	7.000000000000E+0
1.010400782014E+3	4.000000000000E+0
1.010478983382E+3	6.000000000000E+0
1.010557184751E+3	7.000000000000E+0
1.010635386119E+3	8.000000000000E+0
1.010713587488E+3	1.200000000000E+1
1.010791788856E+3	1.100000000000E+1
1.010869990225E+3	5.000000000000E+0
1.010948191593E+3	9.000000000000E+0
1.011026392962E+3	1.000000000000E+0
1.011104594330E+3	9.000000000000E+0
1.011182795699E+3	7.000000000000E+0
1.011260997067E+3	7.000000000000E+0
1.011339198436E+3	8.000000000000E+0
1.011417399804E+3	1.200000000000E+1
1.011495601173E+3	8.000000000000E+0
1.011573802542E+3	1.400000000000E+1
1.011652003910E+3	1.600000000000E+1
1.011730205279E+3	1.000000000000E+1
1.011808406647E+3	1.000000000000E+1
1.011886608016E+3	9.000000000000E+0
1.011964809384E+3	5.000000000000E+0
1.012043010753E+3	8.000000000000E+0
1.012121212121E+3	9.000000000000E+0
1.012199413490E+3	1.200000000000E+1
1.012277614858E+3	1.200000000000E+1
1.012355816227E+3	1.200000000000E+1
1.012434017595E+3	6.000000000000E+0
1.012512218964E+3	1.100000000000E+1
1.012590420332E+3	1.700000000000E+1
1.012668621701E+3	6.000000000000E+0
1.012746823069E+3	1.100000000000E+1
1.012825024438E+3	7.000000000000E+0
1.012903225806E+3	1.700000000000E+1
1.012981427175E+3	9.000000000000E+0
1.013059628543E+3	1.200000000000E+1
1.013137829912E+3	7.000000000000E+0
1.013216031281E+3	1.200000000000E+1
1.013294232649E+3	7.000000000000E+0
1.013372434018E+3	1.600000000000E+1
1.013450635386E+3	1.200000000000E+1
1.013528836755E+3	1.300000000000E+1
1.013607038123E+3	1.400000000000E+1
1.013685239492E+3	1.200000000000E+1
1.013763440860E+3	1.800000000000E+1
1.013841642229E+3	1.000000000000E+1
1.013919843597E+3	9.000000000000E+0
1.013998044966E+3	1.300000000000E+1
1.014076246334E+3	1.200000000000E+1
1.014154447703E+3	1.700000000000E+1
1.014232649071E+3	9.000000000000E+0
1.014310850440E+3	1.500000000000E+1
1.014389051808E+3	1.300000000000E+1
1.014467253177E+3	1.400000000000E+1
1.014545454545E+3	9.000000000000E+0
1.014623655914E+3	1.200000000000E+1
1.014701857283E+3	1.200000000000E+1
1.014780058651E+3	1.500000000000E+1
1.014858260020E+3	1.300000000000E+1
1.014936461388E+3	1.300000000000E+1
1.015014662757E+3	1.400000000000E+1
1.015092864125E+3	1.600000000000E+1
1.015171065494E+3	1.600000000000E+1
1.015249266862E+3	1.500000000000E+1
1.015327468231E+3	1.600000000000E+1
1.015405669599E+3	1.300000000000E+1
1.015483870968E+3	1.700000000000E+1
1.015562072336E+3	1.800000000000E+1
1.015640273705E+3	1.700000000000E+1
1.015718475073E+3	2.000000000000E+1
1.015796676442E+3	1.800000000000E+1
1.015874877810E+3	2.200000000000E+1
1.015953079179E+3	1.900000000000E+1
1.016031280547E+3	2.200000000000E+1
1.016109481916E+3	2.200000000000E+1
1.016187683284E+3	1.700000000000E+1
1.016265884653E+3	3.500000000000E+1
1.016344086022E+3	5.000000000000E+1
1.016422287390E+3	4.500000000000E+1
1.016500488759E+3	4.000000000000E+1
1.016578690127E+3	4.000000000000E+1
1.016656891496E+3	4.600000000000E+1
1.016735092864E+3	6.800000000000E+1
1.016813294233E+3	8.600000000000E+1
1.016891495601E+3	1.090000000000E+2
1.016969696970E+3	1.870000000000E+2
1.017047898338E+3	2.190000000000E+2
1.017126099707E+3	1.920000000000E+2
1.017204301075E+3	1.600000000000E+2
1.017282502444E+3	1.820000000000E+2
1.017360703812E+3	2.120000000000E+2
1.017438905181E+3	2.670000000000E+2
1.017517106549E+3	3.020000000000E+2
1.017595307918E+3	3.860000000000E+2
1.017673509286E+3	6.490000000000E+2
1.017751710655E+3	7.630000000000E+2
1.017829912023E+3	6.950000000000E+2
1.017908113392E+3	7.300000000000E+2
1.017986314761E+3	1.017000000000E+3
1.018064516129E+3	1.066000000000E+3
1.018142717498E+3	1.076000000000E+3
1.018220918866E+3	1.213000000000E+3
1.018299120235E+3	1.593000000000E+3
1.018377321603E+3	2.504000000000E+3
1.018455522972E+3	2.741000000000E+3
1.018533724340E+3	2.290000000000E+3
1.018611925709E+3	2.137000000000E+3
1.018690127077E+3	2.505000000000E+3
1.018768328446E+3	2.342000000000E+3
1.018846529814E+3	1.593000000000E+3
1.018924731183E+3	1.294000000000E+3
1.019002932551E+3	1.212000000000E+3
1.019081133920E+3	1.233000000000E+3
1.019159335288E+3	1.179000000000E+3
1.019237536657E+3	8.590000000000E+2
1.019315738025E+3	7.770000000000E+2
1.019393939394E+3	8.910000000000E+2
1.019472140762E+3	8.300000000000E+2
1.019550342131E+3	8.510000000000E+2
1.019628543500E+3	1.243000000000E+3
1.019706744868E+3	1.550000000000E+3
1.019784946237E+3	2.054000000000E+3
1.019863147605E+3	2.375000000000E+3
1.019941348974E+3	3.314000000000E+3
1.020019550342E+3	4.316000000000E+3
1.020097751711E+3	5.559000000000E+3
1.020175953079E+3	5.197000000000E+3
1.020254154448E+3	4.718000000000E+3
1.020332355816E+3	5.551000000000E+3
1.020410557185E+3	5.177000000000E+3
1.020488758553E+3	3.867000000000E+3
1.020566959922E+3	3.696000000000E+3
1.020645161290E+3	4.668000000000E+3
1.020723362659E+3	5.640000000000E+3
1.020801564027E+3	6.596000000000E+3
1.020879765396E+3	6.094000000000E+3
1.020957966764E+3	6.567000000000E+3
1.021036168133E+3	8.092000000000E+3
1.021114369501E+3	7.498000000000E+3
1.021192570870E+3	5.357000000000E+3
1.021270772239E+3	5.091000000000E+3
1.021348973607E+3	4.983000000000E+3
1.021427174976E+3	4.924000000000E+3
1.021505376344E+3	4.999000000000E+3
1.021583577713E+3	4.418000000000E+3
1.021661779081E+3	4.932000000000E+3
1.021739980450E+3	5.940000000000E+3
1.021818181818E+3	5.458000000000E+3
1.021896383187E+3	3.976000000000E+3
1.021974584555E+3	4.274000000000E+3
1.022052785924E+3	4.119000000000E+3
1.022130987292E+3	3.500000000000E+3
1.022209188661E+3	3.379000000000E+3
1.022287390029E+3	3.170000000000E+3
1.022365591398E+3	4.001000000000E+3
1.022443792766E+3	4.709000000000E+3
1.022521994135E+3	4.302000000000E+3
1.022600195503E+3	3.195000000000E+3
1.022678396872E+3	3.459000000000E+3
1.022756598240E+3	3.164000000000E+3
1.022834799609E+3	2.168000000000E+3
1.022913000978E+3	1.770000000000E+3
1.022991202346E+3	1.714000000000E+3
1.023069403715E+3	1.832000000000E+3
1.023147605083E+3	1.978000000000E+3
1.023225806452E+3	1.876000000000E+3
1.023304007820E+3	2.490000000000E+3
1.023382209189E+3	3.289000000000E+3
1.023460410557E+3	3.127000000000E+3
1.023538611926E+3	2.386000000000E+3
1.023616813294E+3	2.595000000000E+3
1.023695014663E+3	2.898000000000E+3
1.023773216031E+3	2.957000000000E+3
1.023851417400E+3	3.106000000000E+3
1.023929618768E+3	3.038000000000E+3
1.024007820137E+3	4.126000000000E+3
1.024086021505E+3	5.134000000000E+3
1.024164222874E+3	4.763000000000E+3
1.024242424242E+3	3.552000000000E+3
1.024320625611E+3	3.935000000000E+3
1.024398826979E+3	4.222000000000E+3
1.024477028348E+3	3.638000000000E+3
1.024555229717E+3	2.772000000000E+3
1.024633431085E+3	2.562000000000E+3
1.024711632454E+3	3.292000000000E+3
1.024789833822E+3	3.962000000000E+3
1.024868035191E+3	3.744000000000E+3
1.024946236559E+3	3.874000000000E+3
1.025024437928E+3	5.529000000000E+3
1.025102639296E+3	5.647000000000E+3
1.025180840665E+3	5.151000000000E+3
1.025259042033E+3	4.273000000000E+3
1.025337243402E+3	4.920000000000E+3
1.025415444770E+3	5.923000000000E+3
1.025493646139E+3	6.952000000000E+3
1.025571847507E+3	6.784000000000E+3
1.025650048876E+3	7.303000000000E+3
1.025728250244E+3	1.019000000000E+4
1.025806451613E+3	1.031200000000E+4
1.025884652981E+3	7.709000000000E+3
1.025962854350E+3	6.744000000000E+3
1.026041055718E+3	7.052000000000E+3
1.026119257087E+3	6.824000000000E+3
1.026197458456E+3	6.155000000000E+3
1.026275659824E+3	5.645000000000E+3
1.026353861193E+3	5.614000000000E+3
1.026432062561E+3	7.351000000000E+3
1.026510263930E+3	7.466000000000E+3
1.026588465298E+3	6.038000000000E+3
1.026666666667E+3	6.522000000000E+3
1.026744868035E+3	8.079000000000E+3
1.026823069404E+3	7.861000000000E+3
1.026901270772E+3	6.715000000000E+3
1.026979472141E+3	7.358000000000E+3
1.027057673509E+3	9.545000000000E+3
1.027135874878E+3	1.323300000000E+4
1.027214076246E+3	1.383700000000E+4
1.027292277615E+3	1.389900000000E+4
1.027370478983E+3	1.695200000000E+4
1.027448680352E+3	2.248100000000E+4
1.027526881720E+3	2.162800000000E+4
1.027605083089E+3	1.639100000000E+4
1.027683284457E+3	1.696600000000E+4
1.027761485826E+3	1.809200000000E+4
1.027839687195E+3	1.940700000000E+4
1.027917888563E+3	1.929100000000E+4
1.027996089932E+3	1.694900000000E+4
1.028074291300E+3	2.167000000000E+4
1.028152492669E+3	2.313800000000E+4
1.028230694037E+3	2.202100000000E+4
1.028308895406E+3	1.579500000000E+4
1.028387096774E+3	1.486800000000E+4
1.028465298143E+3	1.468100000000E+4
1.028543499511E+3	1.188900000000E+4
1.028621700880E+3	9.352000000000E+3
1.028699902248E+3	7.312000000000E+3
1.028778103617E+3	6.521000000000E+3
1.028856304985E+3	6.563000000000E+3
1.028934506354E+3	5.233000000000E+3
1.029012707722E+3	4.086000000000E+3
1.029090909091E+3	2.765000000000E+3
1.029169110459E+3	2.379000000000E+3
1.029247311828E+3	1.664000000000E+3
1.029325513196E+3	1.176000000000E+3
1.029403714565E+3	1.127000000000E+3
1.029481915934E+3	1.558000000000E+3
1.029560117302E+3	2.185000000000E+3
1.029638318671E+3	2.544000000000E+3
1.029716520039E+3	3.077000000000E+3
1.029794721408E+3	5.427000000000E+3
1.029872922776E+3	6.557000000000E+3
1.029951124145E+3	6.204000000000E+3
1.030029325513E+3	7.545000000000E+3
1.030107526882E+3	9.743000000000E+3
1.030185728250E+3	1.114000000000E+4
1.030263929619E+3	1.240700000000E+4
1.030342130987E+3	1.255100000000E+4
1.030420332356E+3	1.606100000000E+4
1.030498533724E+3	1.931600000000E+4
1.030576735093E+3	2.199100000000E+4
1.030654936461E+3	2.036400000000E+4
1.030733137830E+3	2.055600000000E+4
1.030811339198E+3	2.484000000000E+4
1.030889540567E+3	2.454600000000E+4
1.030967741935E+3	2.179100000000E+4
1.031045943304E+3	2.134000000000E+4
1.031124144673E+3	2.463300000000E+4
1.031202346041E+3	3.032000000000E+4
1.031280547410E+3	3.045200000000E+4
1.031358748778E+3	2.817500000000E+4
1.031436950147E+3	2.697800000000E+4
1.031515151515E+3	3.255200000000E+4
1.031593352884E+3	3.162900000000E+4
1.031671554252E+3	2.493300000000E+4
1.031749755621E+3	2.282600000000E+4
1.031827956989E+3	2.335700000000E+4
1.031906158358E+3	2.394300000000E+4
1.031984359726E+3	2.332000000000E+4
1.032062561095E+3	1.961300000000E+4
1.032140762463E+3	1.951000000000E+4
1.032218963832E+3	2.290400000000E+4
1.032297165200E+3	2.246900000000E+4
1.032375366569E+3	1.749400000000E+4
1.032453567937E+3	1.575100000000E+4
1.032531769306E+3	1.586600000000E+4
1.032609970674E+3	1.427200000000E+4
1.032688172043E+3	1.206900000000E+4
1.032766373412E+3	1.000800000000E+4
1.032844574780E+3	8.808000000000E+3
1.032922776149E+3	8.700000000000E+3
1.033000977517E+3	8.228000000000E+3
1.033079178886E+3	5.985000000000E+3
1.033157380254E+3	4.110000000000E+3
1.033235581623E+3	3.467000000000E+3
1.033313782991E+3	2.689000000000E+3
1.033391984360E+3	1.772000000000E+3
1.033470185728E+3	1.315000000000E+3
1.033548387097E+3	1.218000000000E+3
1.033626588465E+3	1.377000000000E+3
1.033704789834E+3	1.429000000000E+3
1.033782991202E+3	1.682000000000E+3
1.033861192571E+3	2.641000000000E+3
1.033939393939E+3	3.644000000000E+3
1.034017595308E+3	3.891000000000E+3
1.034095796676E+3	4.655000000000E+3
1.034173998045E+3	6.229000000000E+3
1.034252199413E+3	7.870000000000E+3
1.034330400782E+3	9.266000000000E+3
1.034408602151E+3	1.006300000000E+4
1.034486803519E+3	1.187400000000E+4
1.034565004888E+3	1.395100000000E+4
1.034643206256E+3	1.761300000000E+4
1.034721407625E+3	1.777300000000E+4
1.034799608993E+3	1.641500000000E+4
1.034877810362E+3	1.912800000000E+4
1.034956011730E+3	2.005300000000E+4
1.035034213099E+3	1.946000000000E+4
1.035112414467E+3	1.823600000000E+4
1.035190615836E+3	1.760700000000E+4
1.035268817204E+3	1.878700000000E+4
1.035347018573E+3	1.903400000000E+4
1.035425219941E+3	1.681100000000E+4
1.035503421310E+3	1.512200000000E+4
1.035581622678E+3	1.440600000000E+4
1.035659824047E+3	1.460300000000E+4
1.035738025415E+3	1.316700000000E+4
1.035816226784E+3	1.122500000000E+4
1.035894428152E+3	1.055300000000E+4
1.035972629521E+3	1.034500000000E+4
1.036050830890E+3	1.013600000000E+4
1.036129032258E+3	9.305000000000E+3
1.036207233627E+3	8.358000000000E+3
1.036285434995E+3	8.776000000000E+3
1.036363636364E+3	9.227000000000E+3
1.036441837732E+3	8.890000000000E+3
1.036520039101E+3	8.309000000000E+3
1.036598240469E+3	9.332000000000E+3
1.036676441838E+3	1.027000000000E+4
1.036754643206E+3	1.107300000000E+4
1.036832844575E+3	1.182000000000E+4
1.036911045943E+3	1.331400000000E+4
1.036989247312E+3	1.594000000000E+4
1.037067448680E+3	1.690800000000E+4
1.037145650049E+3	1.722500000000E+4
1.037223851417E+3	1.738600000000E+4
1.037302052786E+3	1.967200000000E+4
1.037380254154E+3	2.107600000000E+4
1.037458455523E+3	2.088200000000E+4
1.037536656891E+3	1.984800000000E+4
1.037614858260E+3	1.908200000000E+4
1.037693059629E+3	1.850900000000E+4
1.037771260997E+3	1.753800000000E+4
1.037849462366E+3	1.538500000000E+4
1.037927663734E+3	1.319700000000E+4
1.038005865103E+3	1.259100000000E+4
1.038084066471E+3	1.190300000000E+4
1.038162267840E+3	1.042100000000E+4
1.038240469208E+3	8.534000000000E+3
1.038318670577E+3	7.605000000000E+3
1.038396871945E+3	7.438000000000E+3
1.038475073314E+3	7.261000000000E+3
1.038553274682E+3	6.937000000000E+3
1.038631476051E+3	6.968000000000E+3
1.038709677419E+3	7.298000000000E+3
1.038787878788E+3	7.327000000000E+3
1.038866080156E+3	6.972000000000E+3
1.038944281525E+3	6.832000000000E+3
1.039022482893E+3	7.662000000000E+3
1.039100684262E+3	8.872000000000E+3
1.039178885630E+3	9.872000000000E+3
1.039257086999E+3	1.118100000000E+4
1.039335288368E+3	1.274800000000E+4
1.039413489736E+3	1.357300000000E+4
1.039491691105E+3	1.338200000000E+4
1.039569892473E+3	1.213300000000E+4
1.039648093842E+3	1.026600000000E+4
1.039726295210E+3	8.092000000000E+3
1.039804496579E+3	7.056000000000E+3
1.039882697947E+3	5.533000000000E+3
1.039960899316E+3	7.247000000000E+3
1.040039100684E+3	1.124600000000E+4
1.040117302053E+3	1.453500000000E+4
1.040195503421E+3	1.529400000000E+4
1.040273704790E+3	1.513300000000E+4
1.040351906158E+3	1.429300000000E+4
1.040430107527E+3	1.331500000000E+4
1.040508308895E+3	1.462900000000E+4
1.040586510264E+3	1.611000000000E+4
1.040664711632E+3	2.017500000000E+4
1.040742913001E+3	2.612200000000E+4
1.040821114370E+3	3.206100000000E+4
1.040899315738E+3	3.407500000000E+4
1.040977517107E+3	3.400200000000E+4
1.041055718475E+3	3.336900000000E+4
1.041133919844E+3	3.017600000000E+4
1.041212121212E+3	2.321900000000E+4
1.041290322581E+3	1.638400000000E+4
1.041368523949E+3	1.075100000000E+4
1.041446725318E+3	5.964000000000E+3
1.041524926686E+3	3.845000000000E+3
1.041603128055E+3	4.299000000000E+3
1.041681329423E+3	6.888000000000E+3
1.041759530792E+3	1.141100000000E+4
1.041837732160E+3	1.691000000000E+4
1.041915933529E+3	2.252900000000E+4
1.041994134897E+3	3.065900000000E+4
1.042072336266E+3	3.840800000000E+4
1.042150537634E+3	4.275000000000E+4
1.042228739003E+3	4.787300000000E+4
1.042306940371E+3	5.096200000000E+4
1.042385141740E+3	5.057000000000E+4
1.042463343109E+3	4.893300000000E+4
1.042541544477E+3	4.825200000000E+4
1.042619745846E+3	4.331600000000E+4
1.042697947214E+3	3.475100000000E+4
1.042776148583E+3	2.836500000000E+4
1.042854349951E+3	2.232900000000E+4
1.042932551320E+3	1.536400000000E+4
1.043010752688E+3	1.080800000000E+4
1.043088954057E+3	8.177000000000E+3
1.043167155425E+3	6.388000000000E+3
1.043245356794E+3	5.630000000000E+3
1.043323558162E+3	5.547000000000E+3
1.043401759531E+3	5.902000000000E+3
1.043479960899E+3	7.172000000000E+3
1.043558162268E+3	8.006000000000E+3
1.043636363636E+3	7.961000000000E+3
1.043714565005E+3	8.376000000000E+3
1.043792766373E+3	8.699000000000E+3
1.043870967742E+3	8.170000000000E+3
1.043949169110E+3	6.790000000000E+3
1.044027370479E+3	5.902000000000E+3
1.044105571848E+3	5.027000000000E+3
1.044183773216E+3	4.254000000000E+3
1.044261974585E+3	3.870000000000E+3
1.044340175953E+3	3.452000000000E+3
1.044418377322E+3	3.367000000000E+3
1.044496578690E+3	3.928000000000E+3
1.044574780059E+3	4.142000000000E+3
1.044652981427E+3	4.212000000000E+3
1.044731182796E+3	4.945000000000E+3
1.044809384164E+3	5.532000000000E+3
1.044887585533E+3	5.851000000000E+3
1.044965786901E+3	6.342000000000E+3
1.045043988270E+3	6.398000000000E+3
1.045122189638E+3	6.288000000000E+3
1.045200391007E+3	7.144000000000E+3
1.045278592375E+3	7.377000000000E+3
1.045356793744E+3	7.243000000000E+3
1.045434995112E+3	7.369000000000E+3
1.045513196481E+3	8.703000000000E+3
1.045591397849E+3	8.971000000000E+3
1.045669599218E+3	8.974000000000E+3
1.045747800587E+3	9.528000000000E+3
1.045826001955E+3	9.560000000000E+3
1.045904203324E+3	1.037100000000E+4
1.045982404692E+3	1.126100000000E+4
1.046060606061E+3	1.093600000000E+4
1.046138807429E+3	1.054400000000E+4
1.046217008798E+3	1.151600000000E+4
1.046295210166E+3	1.252600000000E+4
1.046373411535E+3	1.207600000000E+4
1.046451612903E+3	1.192900000000E+4
1.046529814272E+3	1.310100000000E+4
1.046608015640E+3	1.356800000000E+4
1.046686217009E+3	1.481900000000E+4
1.046764418377E+3	1.511900000000E+4
1.046842619746E+3	1.405500000000E+4
1.046920821114E+3	1.544900000000E+4
1.046999022483E+3	1.628600000000E+4
1.047077223851E+3	1.482700000000E+4
1.047155425220E+3	1.242600000000E+4
1.047233626588E+3	1.267200000000E+4
1.047311827957E+3	1.280500000000E+4
1.047390029326E+3	1.168500000000E+4
1.047468230694E+3	1.074000000000E+4
1.047546432063E+3	1.013900000000E+4
1.047624633431E+3	9.187000000000E+3
1.047702834800E+3	9.807000000000E+3
1.047781036168E+3	9.560000000000E+3
1.047859237537E+3	7.759000000000E+3
1.047937438905E+3	7.157000000000E+3
1.048015640274E+3	7.222000000000E+3
1.048093841642E+3	6.170000000000E+3
1.048172043011E+3	4.960000000000E+3
1.048250244379E+3	4.722000000000E+3
1.048328445748E+3	4.330000000000E+3
1.048406647116E+3	3.900000000000E+3
1.048484848485E+3	3.921000000000E+3
1.048563049853E+3	3.593000000000E+3
1.048641251222E+3	3.178000000000E+3
1.048719452590E+3	3.574000000000E+3
1.048797653959E+3	3.510000000000E+3
1.048875855327E+3	2.881000000000E+3
1.048954056696E+3	2.690000000000E+3
1.049032258065E+3	2.688000000000E+3
1.049110459433E+3	2.455000000000E+3
1.049188660802E+3	2.337000000000E+3
1.049266862170E+3	2.314000000000E+3
1.049345063539E+3	2.096000000000E+3
1.049423264907E+3	2.340000000000E+3
1.049501466276E+3	2.543000000000E+3
1.049579667644E+3	2.389000000000E+3
1.049657869013E+3	2.081000000000E+3
1.049736070381E+3	2.295000000000E+3
1.049814271750E+3	2.258000000000E+3
1.049892473118E+3	1.943000000000E+3
1.049970674487E+3	1.812000000000E+3
1.050048875855E+3	1.676000000000E+3
1.050127077224E+3	1.630000000000E+3
1.050205278592E+3	1.698000000000E+3
1.050283479961E+3	1.559000000000E+3
1.050361681329E+3	1.388000000000E+3
1.050439882698E+3	1.344000000000E+3
1.050518084066E+3	1.418000000000E+3
1.050596285435E+3	1.288000000000E+3
1.050674486804E+3	1.061000000000E+3
1.050752688172E+3	1.016000000000E+3
1.050830889541E+3	9.280000000000E+2
1.050909090909E+3	8.320000000000E+2
1.050987292278E+3	7.800000000000E+2
1.051065493646E+3	6.020000000000E+2
1.051143695015E+3	4.950000000000E+2
1.051221896383E+3	5.100000000000E+2
1.051300097752E+3	4.520000000000E+2
1.051378299120E+3	3.850000000000E+2
1.051456500489E+3	3.450000000000E+2
1.051534701857E+3	3.590000000000E+2
1.051612903226E+3	3.400000000000E+2
1.051691104594E+3	3.140000000000E+2
1.051769305963E+3	2.980000000000E+2
1.051847507331E+3	2.620000000000E+2
1.051925708700E+3	2.740000000000E+2
1.052003910068E+3	2.810000000000E+2
1.052082111437E+3	2.330000000000E+2
1.052160312805E+3	2.280000000000E+2
1.052238514174E+3	2.720000000000E+2
1.052316715543E+3	2.640000000000E+2
1.052394916911E+3	2.560000000000E+2
1.052473118280E+3	2.730000000000E+2
1.052551319648E+3	2.780000000000E+2
1.052629521017E+3	2.860000000000E+2
1.052707722385E+3	3.090000000000E+2
1.052785923754E+3	2.920000000000E+2
1.052864125122E+3	2.380000000000E+2
1.052942326491E+3	2.480000000000E+2
1.053020527859E+3	2.480000000000E+2
1.053098729228E+3	2.160000000000E+2
1.053176930596E+3	1.880000000000E+2
1.053255131965E+3	1.900000000000E+2
1.053333333333E+3	1.800000000000E+2
1.053411534702E+3	1.750000000000E+2
1.053489736070E+3	1.810000000000E+2
1.053567937439E+3	1.620000000000E+2
1.053646138807E+3	1.430000000000E+2
1.053724340176E+3	1.500000000000E+2
1.053802541544E+3	1.390000000000E+2
1.053880742913E+3	9.700000000000E+1
1.053958944282E+3	7.500000000000E+1
1.054037145650E+3	7.400000000000E+1
1.054115347019E+3	6.200000000000E+1
1.054193548387E+3	5.600000000000E+1
1.054271749756E+3	6.300000000000E+1
1.054349951124E+3	5.600000000000E+1
1.054428152493E+3	6.900000000000E+1
1.054506353861E+3	6.300000000000E+1
1.054584555230E+3	6.400000000000E+1
1.054662756598E+3	5.000000000000E+1
1.054740957967E+3	5.700000000000E+1
1.054819159335E+3	5.300000000000E+1
1.054897360704E+3	4.300000000000E+1
1.054975562072E+3	4.200000000000E+1
1.055053763441E+3	4.500000000000E+1
1.055131964809E+3	5.400000000000E+1
1.055210166178E+3	6.200000000000E+1
1.055288367546E+3	5.900000000000E+1
1.055366568915E+3	5.800000000000E+1
1.055444770283E+3	6.200000000000E+1
1.055522971652E+3	6.800000000000E+1
1.055601173021E+3	6.400000000000E+1
1.055679374389E+3	4.600000000000E+1
1.055757575758E+3	4.400000000000E+1
1.055835777126E+3	4.300000000000E+1
1.055913978495E+3	4.100000000000E+1
1.055992179863E+3	3.600000000000E+1
1.056070381232E+3	4.200000000000E+1
1.056148582600E+3	3.400000000000E+1
1.056226783969E+3	4.200000000000E+1
1.056304985337E+3	4.400000000000E+1
1.056383186706E+3	3.700000000000E+1
1.056461388074E+3	3.300000000000E+1
1.056539589443E+3	3.000000000000E+1
1.056617790811E+3	2.500000000000E+1
1.056695992180E+3	2.000000000000E+1
1.056774193548E+3	1.600000000000E+1
1.056852394917E+3	1.500000000000E+1
1.056930596285E+3	1.300000000000E+1
1.057008797654E+3	1.900000000000E+1
1.057086999022E+3	2.000000000000E+1
1.057165200391E+3	1.600000000000E+1
1.057243401760E+3	2.200000000000E+1
1.057321603128E+3	1.400000000000E+1
1.057399804497E+3	2.300000000000E+1
1.057478005865E+3	1.700000000000E+1
1.057556207234E+3	1.500000000000E+1
1.057634408602E+3	1.600000000000E+1
1.057712609971E+3	1.700000000000E+1
1.057790811339E+3	1.900000000000E+1
1.057869012708E+3	1.700000000000E+1
1.057947214076E+3	1.900000000000E+1
1.058025415445E+3	2.200000000000E+1
1.058103616813E+3	2.300000000000E+1
1.058181818182E+3	2.600000000000E+1
1.058260019550E+3	2.400000000000E+1
1.058338220919E+3	2.000000000000E+1
1.058416422287E+3	2.100000000000E+1
1.058494623656E+3	1.800000000000E+1
1.058572825024E+3	1.700000000000E+1
1.058651026393E+3	1.400000000000E+1
1.058729227761E+3	1.200000000000E+1
1.058807429130E+3	1.600000000000E+1
1.058885630499E+3	1.700000000000E+1
1.058963831867E+3	1.700000000000E+1
1.059042033236E+3	1.500000000000E+1
1.059120234604E+3	1.600000000000E+1
1.059198435973E+3	1.000000000000E+1
1.059276637341E+3	1.600000000000E+1
1.059354838710E+3	1.600000000000E+1
1.059433040078E+3	1.500000000000E+1
1.059511241447E+3	1.100000000000E+1
1.059589442815E+3	1.300000000000E+1
1.059667644184E+3	1.300000000000E+1
1.059745845552E+3	1.200000000000E+1
1.059824046921E+3	1.200000000000E+1
1.059902248289E+3	1.200000000000E+1
1.059980449658E+3	8.000000000000E+0
1.060058651026E+3	1.000000000000E+1
1.060136852395E+3	9.000000000000E+0
1.060215053763E+3	6.000000000000E+0
1.060293255132E+3	1.000000000000E+1
1.060371456500E+3	1.000000000000E+1
1.060449657869E+3	4.000000000000E+0
1.060527859238E+3	1.200000000000E+1
1.060606060606E+3	1.200000000000E+1
1.060684261975E+3	9.000000000000E+0
1.060762463343E+3	1.200000000000E+1
1.060840664712E+3	1.200000000000E+1
1.060918866080E+3	1.400000000000E+1
1.060997067449E+3	1.300000000000E+1
1.061075268817E+3	1.100000000000E+1
1.061153470186E+3	1.000000000000E+1
1.061231671554E+3	1.000000000000E+1
1.061309872923E+3	8.000000000000E+0
1.061388074291E+3	1.100000000000E+1
1.061466275660E+3	9.000000000000E+0
1.061544477028E+3	1.100000000000E+1
1.061622678397E+3	1.100000000000E+1
1.061700879765E+3	1.300000000000E+1
1.061779081134E+3	1.100000000000E+1
1.061857282502E+3	1.100000000000E+1
1.061935483871E+3	1.800000000000E+1
1.062013685239E+3	7.000000000000E+0
1.062091886608E+3	9.000000000000E+0
1.062170087977E+3	1.000000000000E+1
1.062248289345E+3	5.000000000000E+0
1.062326490714E+3	1.000000000000E+1
1.062404692082E+3	1.300000000000E+1
1.062482893451E+3	9.000000000000E+0
1.062561094819E+3	6.000000000000E+0
1.062639296188E+3	8.000000000000E+0
1.062717497556E+3	1.000000000000E+1
1.062795698925E+3	1.200000000000E+1
1.062873900293E+3	1.100000000000E+1
1.062952101662E+3	1.300000000000E+1
1.063030303030E+3	5.000000000000E+0
1.063108504399E+3	1.000000000000E+1
1.063186705767E+3	6.000000000000E+0
1.063264907136E+3	9.000000000000E+0
1.063343108504E+3	7.000000000000E+0
1.063421309873E+3	9.000000000000E+0
1.063499511241E+3	6.000000000000E+0
1.063577712610E+3	6.000000000000E+0
1.063655913978E+3	6.000000000000E+0
1.063734115347E+3	8.000000000000E+0
1.063812316716E+3	7.000000000000E+0
1.063890518084E+3	7.000000000000E+0
1.063968719453E+3	9.000000000000E+0
1.064046920821E+3	1.000000000000E+1
1.064125122190E+3	1.200000000000E+1
1.064203323558E+3	8.000000000000E+0
1.064281524927E+3	4.000000000000E+0
1.064359726295E+3	5.000000000000E+0
1.064437927664E+3	8.000000000000E+0
1.064516129032E+3	1.200000000000E+1
1.064594330401E+3	5.000000000000E+0
1.064672531769E+3	7.000000000000E+0
1.064750733138E+3	6.000000000000E+0
1.064828934506E+3	7.000000000000E+0
1.064907135875E+3	1.300000000000E+1
1.064985337243E+3	7.000000000000E+0
1.065063538612E+3	5.000000000000E+0
1.065141739980E+3	8.000000000000E+0
1.065219941349E+3	7.000000000000E+0
1.065298142717E+3	1.100000000000E+1
1.065376344086E+3	1.400000000000E+1
1.065454545455E+3	6.000000000000E+0
1.065532746823E+3	4.000000000000E+0
1.065610948192E+3	1.200000000000E+1
1.065689149560E+3	1.000000000000E+1
1.065767350929E+3	1.200000000000E+1
1.065845552297E+3	1.100000000000E+1
1.065923753666E+3	4.000000000000E+0
1.066001955034E+3	2.000000000000E+0
1.066080156403E+3	9.000000000000E+0
1.066158357771E+3	9.000000000000E+0
1.066236559140E+3	1.000000000000E+1
1.066314760508E+3	4.000000000000E+0
1.066392961877E+3	4.000000000000E+0
1.066471163245E+3	8.000000000000E+0
1.066549364614E+3	6.000000000000E+0
1.066627565982E+3	5.000000000000E+0
1.066705767351E+3	6.000000000000E+0
1.066783968719E+3	6.000000000000E+0
1.066862170088E+3	2.000000000000E+0
1.066940371457E+3	4.000000000000E+0
1.067018572825E+3	0.000000000000E+0
1.067096774194E+3	2.000000000000E+0
1.067174975562E+3	5.000000000000E+0
1.067253176931E+3	1.200000000000E+1
1.067331378299E+3	7.000000000000E+0
1.067409579668E+3	8.000000000000E+0
1.067487781036E+3	7.000000000000E+0
1.067565982405E+3	1.200000000000E+1
1.067644183773E+3	7.000000000000E+0
1.067722385142E+3	6.000000000000E+0
1.067800586510E+3	7.000000000000E+0
1.067878787879E+3	6.000000000000E+0
1.067956989247E+3	3.000000000000E+0
1.068035190616E+3	8.000000000000E+0
1.068113391984E+3	4.000000000000E+0
1.068191593353E+3	6.000000000000E+0
1.068269794721E+3	9.000000000000E+0
1.068347996090E+3	6.000000000000E+0
1.068426197458E+3	5.000000000000E+0
1.068504398827E+3	3.000000000000E+0
1.068582600196E+3	8.000000000000E+0
1.068660801564E+3	1.000000000000E+1
1.068739002933E+3	6.000000000000E+0
1.068817204301E+3	8.000000000000E+0
1.068895405670E+3	1.000000000000E+0
1.068973607038E+3	1.000000000000E+1
1.069051808407E+3	9.000000000000E+0
1.069130009775E+3	6.000000000000E+0
1.069208211144E+3	1.400000000000E+1
1.069286412512E+3	6.000000000000E+0
1.069364613881E+3	1.000000000000E+1
1.069442815249E+3	7.000000000000E+0
1.069521016618E+3	9.000000000000E+0
1.069599217986E+3	6.000000000000E+0
1.069677419355E+3	9.000000000000E+0
1.069755620723E+3	1.500000000000E+1
1.069833822092E+3	4.000000000000E+0
1.069912023460E+3	1.000000000000E+1
1.069990224829E+3	8.000000000000E+0
1.070068426197E+3	1.200000000000E+1
1.070146627566E+3	1.200000000000E+1
1.070224828935E+3	1.000000000000E+1
1.070303030303E+3	8.000000000000E+0
1.070381231672E+3	1.000000000000E+1
1.070459433040E+3	1.100000000000E+1
1.070537634409E+3	5.000000000000E+0
1.070615835777E+3	1.100000000000E+1
1.070694037146E+3	6.000000000000E+0
1.070772238514E+3	9.000000000000E+0
1.070850439883E+3	9.000000000000E+0
1.070928641251E+3	8.000000000000E+0
1.071006842620E+3	6.000000000000E+0
1.071085043988E+3	1.100000000000E+1
1.071163245357E+3	7.000000000000E+0
1.071241446725E+3	8.000000000000E+0
1.071319648094E+3	4.000000000000E+0
1.071397849462E+3	8.000000000000E+0
1.071476050831E+3	9.000000000000E+0
1.071554252199E+3	8.000000000000E+0
1.071632453568E+3	2.000000000000E+0
1.071710654936E+3	5.000000000000E+0
1.071788856305E+3	6.000000000000E+0
1.071867057674E+3	7.000000000000E+0
1.071945259042E+3	6.000000000000E+0
1.072023460411E+3	5.000000000000E+0
1.072101661779E+3	6.000000000000E+0
1.072179863148E+3	5.000000000000E+0
1.072258064516E+3	6.000000000000E+0
1.072336265885E+3	5.000000000000E+0
1.072414467253E+3	5.000000000000E+0
1.072492668622E+3	9.000000000000E+0
1.072570869990E+3	6.000000000000E+0
1.072649071359E+3	1.100000000000E+1
1.072727272727E+3	8.000000000000E+0
1.072805474096E+3	6.000000000000E+0
1.072883675464E+3	2.000000000000E+0
1.072961876833E+3	6.000000000000E+0
1.073040078201E+3	2.000000000000E+0
1.073118279570E+3	8.000000000000E+0
1.073196480938E+3	6.000000000000E+0
1.073274682307E+3	2.000000000000E+0
1.073352883675E+3	6.000000000000E+0
1.073431085044E+3	6.000000000000E+0
1.073509286413E+3	8.000000000000E+0
1.073587487781E+3	6.000000000000E+0
1.073665689150E+3	8.000000000000E+0
1.073743890518E+3	1.200000000000E+1
1.073822091887E+3	7.000000000000E+0
1.073900293255E+3	7.000000000000E+0
1.073978494624E+3	4.000000000000E+0
1.074056695992E+3	5.000000000000E+0
1.074134897361E+3	1.000000000000E+1
1.074213098729E+3	3.000000000000E+0
1.074291300098E+3	8.000000000000E+0
1.074369501466E+3	9.000000000000E+0
1.074447702835E+3	2.000000000000E+0
1.074525904203E+3	4.000000000000E+0
1.074604105572E+3	6.000000000000E+0
1.074682306940E+3	5.000000000000E+0
1.074760508309E+3	2.000000000000E+0
1.074838709677E+3	6.000000000000E+0
1.074916911046E+3	6.000000000000E+0
1.074995112414E+3	7.000000000000E+0
1.075073313783E+3	7.000000000000E+0
1.075151515152E+3	1.000000000000E+1
1.075229716520E+3	9.000000000000E+0
1.075307917889E+3	2.000000000000E+0
1.075386119257E+3	2.000000000000E+0
1.075464320626E+3	2.000000000000E+0
1.075542521994E+3	8.000000000000E+0
1.075620723363E+3	6.000000000000E+0
1.075698924731E+3	4.000000000000E+0
1.075777126100E+3	1.000000000000E+1
1.075855327468E+3	5.000000000000E+0
1.075933528837E+3	8.000000000000E+0
1.076011730205E+3	4.000000000000E+0
1.076089931574E+3	3.000000000000E+0
1.076168132942E+3	6.000000000000E+0
1.076246334311E+3	5.000000000000E+0
1.076324535679E+3	1.000000000000E+1
1.076402737048E+3	6.000000000000E+0
1.076480938416E+3	2.000000000000E+0
1.076559139785E+3	3.000000000000E+0
1.076637341153E+3	2.000000000000E+0
1.076715542522E+3	1.000000000000E+1
1.076793743891E+3	0.000000000000E+0
1.076871945259E+3	6.000000000000E+0
1.076950146628E+3	1.000000000000E+0
1.077028347996E+3	4.000000000000E+0
1.077106549365E+3	6.000000000000E+0
1.077184750733E+3	4.000000000000E+0
1.077262952102E+3	5.000000000000E+0
1.077341153470E+3	4.000000000000E+0
1.077419354839E+3	8.000000000000E+0
1.077497556207E+3	5.000000000000E+0
1.077575757576E+3	1.100000000000E+1
1.077653958944E+3	5.000000000000E+0
1.077732160313E+3	5.000000000000E+0
1.077810361681E+3	1.000000000000E+1
1.077888563050E+3	6.000000000000E+0
1.077966764418E+3	4.000000000000E+0
1.078044965787E+3	7.000000000000E+0
1.078123167155E+3	4.000000000000E+0
1.078201368524E+3	8.000000000000E+0
1.078279569892E+3	5.000000000000E+0
1.078357771261E+3	3.000000000000E+0
1.078435972630E+3	6.000000000000E+0
1.078514173998E+3	1.000000000000E+0
1.078592375367E+3	8.000000000000E+0
1.078670576735E+3	4.000000000000E+0
1.078748778104E+3	1.200000000000E+1
1.078826979472E+3	2.000000000000E+0
1.078905180841E+3	4.000000000000E+0
1.078983382209E+3	7.000000000000E+0
1.079061583578E+3	6.000000000000E+0
1.079139784946E+3	9.000000000000E+0
1.079217986315E+3	2.000000000000E+0
1.079296187683E+3	4.000000000000E+0
1.079374389052E+3	2.000000000000E+0
1.079452590420E+3	2.000000000000E+0
1.079530791789E+3	0.000000000000E+0
1.079608993157E+3	5.000000000000E+0
1.079687194526E+3	6.000000000000E+0
1.079765395894E+3	6.000000000000E+0
1.079843597263E+3	9.000000000000E+0
1.079921798631E+3	7.000000000000E+0
1.080000000000E+3	5.000000000000E+0
