  wavelength    amplitude        phase
1.06707666E-06 2.13281516E-02 -1.70708598E+00
1.06695917E-06 2.43460406E-02 -7.93430463E-01
1.06684170E-06 2.93775460E-02 +5.32216459E-02
1.06672425E-06 3.01131865E-02 +5.63907169E-01
1.06660683E-06 1.70169572E-02 +9.66973838E-01
1.06648944E-06 6.45611411E-03 +2.56112073E+00
1.06637208E-06 1.02365132E-02 +3.15859898E+00
1.06625474E-06 5.85679005E-03 +2.23706196E+00
1.06613742E-06 1.17207481E-02 +5.37525711E-01
1.06602013E-06 2.26504587E-02 -1.42261413E-01
1.06590287E-06 2.59576101E-02 -5.42802345E-01
1.06578563E-06 9.89712021E-03 -1.17507341E+00
1.06566842E-06 2.62283375E-02 -3.53303164E+00
1.06555124E-06 4.97638957E-02 -3.70574955E+00
1.06543408E-06 4.09972371E-02 -3.79172311E+00
1.06531694E-06 7.37010802E-03 -4.86391477E+00
1.06519984E-06 3.44505719E-02 -6.52469989E+00
1.06508275E-06 3.77966560E-02 -6.47355583E+00
1.06496570E-06 1.22565248E-02 -5.64367523E+00
1.06484867E-06 2.94844662E-02 -3.81448723E+00
1.06473166E-06 3.59876892E-02 -3.54761323E+00
1.06461468E-06 1.48492255E-02 -3.03418975E+00
1.06449773E-06 2.00424049E-02 -9.75584179E-01
1.06438080E-06 2.89314246E-02 -8.22129312E-01
1.06426390E-06 1.55082987E-02 -1.29443360E+00
1.06414702E-06 2.11156230E-02 -2.86614575E+00
1.06403017E-06 3.47846159E-02 -3.03608207E+00
1.06391335E-06 3.16276558E-02 -2.77588947E+00
1.06379655E-06 2.27298966E-02 -2.03353091E+00
1.06367978E-06 2.24972168E-02 -1.11277666E+00
1.06356303E-06 2.12978475E-02 -5.10215751E-01
1.06344631E-06 1.32881911E-02 -1.56668070E-01
1.06332961E-06 4.92933592E-03 -1.19780135E+00
1.06321294E-06 1.22554921E-02 -1.84860805E+00
1.06309630E-06 6.16133569E-03 -1.34258913E+00
1.06297968E-06 2.07362598E-02 +1.24311145E+00
1.06286308E-06 4.59016307E-02 +1.53173597E+00
1.06274651E-06 4.42134048E-02 +1.79633884E+00
1.06262997E-06 1.48888062E-02 +2.74247085E+00
1.06251345E-06 3.56213207E-02 +4.64195946E+00
1.06239696E-06 4.50796176E-02 +4.98735558E+00
1.06228050E-06 1.70717174E-02 +5.54205906E+00
1.06216406E-06 2.99652244E-02 +7.97468389E+00
1.06204764E-06 4.78642106E-02 +8.28260611E+00
1.06193125E-06 2.99152373E-02 +8.64685392E+00
1.06181489E-06 1.64966077E-02 +1.03045759E+01
1.06169855E-06 2.64395618E-02 +1.09266083E+01
1.06158224E-06 1.36679415E-02 +1.05962367E+01
1.06146595E-06 2.08489380E-02 +8.90362184E+00
1.06134969E-06 3.35556442E-02 +8.77116135E+00
1.06123346E-06 2.21633438E-02 +8.84526156E+00
1.06111725E-06 4.09037635E-03 +6.11365417E+00
1.06100106E-06 2.22713631E-02 +6.18723186E+00
1.06088490E-06 1.85101852E-02 +6.57637627E+00
1.06076877E-06 5.16898225E-03 +8.84261297E+00
1.06065266E-06 2.56205024E-02 +1.01874035E+01
1.06053658E-06 3.77459940E-02 +1.07611001E+01
1.06042052E-06 2.99996862E-02 +1.13773137E+01
1.06030449E-06 1.57489042E-02 +1.30224395E+01
1.06018848E-06 3.48273581E-02 +1.42966967E+01
1.06007250E-06 3.44669500E-02 +1.48557995E+01
1.05995654E-06 1.55703063E-02 +1.65315404E+01
1.05984061E-06 4.98186022E-02 +1.77928459E+01
1.05972471E-06 6.35432380E-02 +1.80894015E+01
1.05960883E-06 3.73879472E-02 +1.82756921E+01
1.05949297E-06 4.10812567E-03 +1.84240956E+01
1.05937714E-06 6.39153118E-03 +1.87748598E+01
1.05926134E-06 4.57674122E-02 +1.88694907E+01
1.05914556E-06 7.73540079E-02 +1.90917540E+01
1.05902981E-06 6.06083277E-02 +1.94457878E+01
1.05891408E-06 1.63288604E-02 +2.07818124E+01
1.05879838E-06 3.52457551E-02 +2.29287440E+01
1.05868270E-06 5.14635594E-02 +2.42253317E+01
1.05856705E-06 8.57209686E-02 +2.52445499E+01
1.05845142E-06 8.77245113E-02 +2.60325079E+01
1.05833582E-06 7.31103287E-02 +2.74227468E+01
1.05822025E-06 1.17292781E-01 +2.85380625E+01
1.05810470E-06 1.11369331E-01 +2.92264833E+01
1.05798917E-06 6.73447548E-02 +3.05508807E+01
1.05787367E-06 1.03014852E-01 +3.18024736E+01
1.05775820E-06 8.66864108E-02 +3.23214821E+01
1.05764275E-06 1.19896229E-02 +3.38592822E+01
1.05752732E-06 5.85011580E-02 +3.58762717E+01
1.05741193E-06 5.05156133E-02 +3.67093273E+01
1.05729655E-06 5.87178973E-02 +3.81548876E+01
1.05718120E-06 6.93559975E-02 +3.87564096E+01
1.05706588E-06 3.30898341E-02 +3.90303642E+01
1.05695058E-06 9.72344698E-03 +3.74574135E+01
1.05683531E-06 2.84610520E-02 +3.81781674E+01
1.05672006E-06 6.64728927E-02 +3.89080205E+01
1.05660484E-06 8.78970771E-02 +3.92015095E+01
1.05648964E-06 6.84954007E-02 +3.92680941E+01
1.05637447E-06 3.88052387E-02 +3.90314510E+01
1.05625932E-06 3.17705141E-02 +3.92756881E+01
1.05614420E-06 6.69736486E-02 +4.00832482E+01
1.05602910E-06 1.12794458E-01 +4.04012868E+01
1.05591403E-06 1.04760871E-01 +4.06590662E+01
1.05579899E-06 5.13151525E-02 +4.14232420E+01
1.05568396E-06 7.06965929E-02 +4.27218079E+01
1.05556897E-06 9.14941152E-02 +4.27730536E+01
1.05545400E-06 8.71171591E-02 +4.23590421E+01
1.05533905E-06 8.41247959E-02 +4.20227806E+01
1.05522413E-06 6.27858489E-02 +4.22793757E+01
1.05510923E-06 7.30440847E-02 +4.32008559E+01
1.05499436E-06 1.19615746E-01 +4.34631964E+01
1.05487952E-06 1.43618988E-01 +4.34162103E+01
1.05476470E-06 1.30323706E-01 +4.34337625E+01
1.05464990E-06 9.33204543E-02 +4.38859336E+01
1.05453513E-06 1.02230687E-01 +4.47309380E+01
1.05442038E-06 1.24427806E-01 +4.50523377E+01
1.05430566E-06 1.07292445E-01 +4.50223993E+01
1.05419097E-06 8.94753813E-02 +4.48150604E+01
1.05407630E-06 1.02944558E-01 +4.49100692E+01
1.05396165E-06 1.42406555E-01 +4.52621433E+01
1.05384703E-06 1.78955781E-01 +4.55391570E+01
1.05373243E-06 1.83438045E-01 +4.57263500E+01
1.05361786E-06 1.70458267E-01 +4.58798627E+01
1.05350332E-06 1.74215554E-01 +4.60536645E+01
1.05338880E-06 2.02104981E-01 +4.62490269E+01
1.05327430E-06 2.27324113E-01 +4.64309197E+01
1.05315983E-06 2.25227753E-01 +4.65890536E+01
1.05304538E-06 2.04323130E-01 +4.67325737E+01
1.05293096E-06 1.94473275E-01 +4.68930604E+01
1.05281656E-06 2.11962354E-01 +4.70959330E+01
1.05270219E-06 2.42459177E-01 +4.73162494E+01
1.05258785E-06 2.57107253E-01 +4.75312544E+01
1.05247353E-06 2.45066920E-01 +4.77466182E+01
1.05235923E-06 2.27020856E-01 +4.79721595E+01
1.05224496E-06 2.31607206E-01 +4.81796846E+01
1.05213071E-06 2.59415634E-01 +4.83302494E+01
1.05201649E-06 2.84521229E-01 +4.84475377E+01
1.05190229E-06 2.92554517E-01 +4.85668557E+01
1.05178812E-06 3.01392196E-01 +4.86837115E+01
1.05167397E-06 3.35081086E-01 +4.87709619E+01
1.05155985E-06 3.89649837E-01 +4.88383784E+01
1.05144575E-06 4.36065624E-01 +4.89158608E+01
1.05133167E-06 4.56628255E-01 +4.90099841E+01
1.05121763E-06 4.70637053E-01 +4.91061742E+01
1.05110360E-06 5.14779887E-01 +4.91880874E+01
1.05098960E-06 5.97443196E-01 +4.92622736E+01
1.05087563E-06 6.82786643E-01 +4.93530066E+01
1.05076168E-06 7.32563253E-01 +4.94777092E+01
1.05064775E-06 7.53902492E-01 +4.96296191E+01
1.05053385E-06 7.82831824E-01 +4.97706614E+01
1.05041998E-06 8.33508084E-01 +4.98714960E+01
1.05030613E-06 8.90290197E-01 +4.99500689E+01
1.05019230E-06 9.35342772E-01 +5.00391882E+01
1.05007850E-06 9.72482536E-01 +5.01468402E+01
1.04996473E-06 1.02042893E+00 +5.02544438E+01
1.04985097E-06 1.08433920E+00 +5.03441022E+01
1.04973725E-06 1.14607676E+00 +5.04201610E+01
1.04962354E-06 1.18465559E+00 +5.04972693E+01
1.04950987E-06 1.20118380E+00 +5.05782938E+01
1.04939621E-06 1.21748995E+00 +5.06496445E+01
1.04928258E-06 1.25208094E+00 +5.06978415E+01
1.04916898E-06 1.30493094E+00 +5.07263056E+01
1.04905540E-06 1.36402703E+00 +5.07486988E+01
1.04894185E-06 1.42391909E+00 +5.07723337E+01
1.04882832E-06 1.49380835E+00 +5.07949277E+01
1.04871481E-06 1.58337759E+00 +5.08132194E+01
1.04860133E-06 1.68661608E+00 +5.08285881E+01
1.04848788E-06 1.78728823E+00 +5.08442503E+01
1.04837444E-06 1.88070142E+00 +5.08620831E+01
1.04826104E-06 1.98350672E+00 +5.08830594E+01
1.04814765E-06 2.11476092E+00 +5.09072317E+01
1.04803430E-06 2.27154227E+00 +5.09324437E+01
1.04792096E-06 2.43371773E+00 +5.09558244E+01
1.04780766E-06 2.59017788E+00 +5.09772328E+01
1.04769437E-06 2.74862186E+00 +5.09999357E+01
1.04758111E-06 2.91637066E+00 +5.10262148E+01
1.04746788E-06 3.08065925E+00 +5.10525186E+01
1.04735467E-06 3.21798304E+00 +5.10718484E+01
1.04724148E-06 3.32159368E+00 +5.10808145E+01
1.04712832E-06 3.40891954E+00 +5.10834519E+01
1.04701518E-06 3.49571283E+00 +5.10879250E+01
1.04690207E-06 3.56911323E+00 +5.10978327E+01
1.04678898E-06 3.59654340E+00 +5.11083278E+01
1.04667592E-06 3.56256384E+00 +5.11125407E+01
1.04656288E-06 3.48782172E+00 +5.11099367E+01
1.04644986E-06 3.40602956E+00 +5.11072011E+01
1.04633687E-06 3.33160665E+00 +5.11098385E+01
1.04622391E-06 3.25590308E+00 +5.11143831E+01
1.04611097E-06 3.16943288E+00 +5.11123915E+01
1.04599805E-06 3.08299374E+00 +5.10991396E+01
1.04588516E-06 3.01739954E+00 +5.10737659E+01
1.04577229E-06 2.97254686E+00 +5.10330643E+01
1.04565944E-06 2.92407749E+00 +5.09700143E+01
1.04554663E-06 2.85181780E+00 +5.08792075E+01
1.04543383E-06 2.75413624E+00 +5.07619828E+01
1.04532106E-06 2.63411701E+00 +5.06244495E+01
1.04520831E-06 2.49345917E+00 +5.04703578E+01
1.04509559E-06 2.34449294E+00 +5.03019824E+01
1.04498289E-06 2.20368501E+00 +5.01320127E+01
1.04487022E-06 2.06462824E+00 +4.99857083E+01
1.04475757E-06 1.90566557E+00 +4.98840664E+01
1.04464495E-06 1.73450282E+00 +4.98342251E+01
1.04453235E-06 1.60242676E+00 +4.98366387E+01
1.04441977E-06 1.57018293E+00 +4.98858756E+01
1.04430722E-06 1.66633135E+00 +4.99580952E+01
1.04419469E-06 1.87160305E+00 +5.00156082E+01
1.04408219E-06 2.13369839E+00 +5.00322719E+01
1.04396971E-06 2.39442708E+00 +5.00060387E+01
1.04385726E-06 2.60480433E+00 +4.99534356E+01
1.04374483E-06 2.72262472E+00 +4.98982391E+01
1.04363242E-06 2.71592716E+00 +4.98641401E+01
1.04352004E-06 2.58762143E+00 +4.98759638E+01
1.04340768E-06 2.40378893E+00 +4.99628748E+01
1.04329535E-06 2.30891839E+00 +5.01423539E+01
1.04318304E-06 2.48649452E+00 +5.03648494E+01
1.04307075E-06 3.01146242E+00 +5.05198554E+01
1.04295849E-06 3.79254873E+00 +5.05602364E+01
1.04284626E-06 4.68636102E+00 +5.05117986E+01
1.04273404E-06 5.56217711E+00 +5.04111462E+01
1.04262186E-06 6.30657200E+00 +5.02832656E+01
1.04250969E-06 6.82920679E+00 +5.01418650E+01
1.04239755E-06 7.06773888E+00 +4.99937904E+01
1.04228544E-06 6.98464461E+00 +4.98424695E+01
1.04217335E-06 6.57058190E+00 +4.96903635E+01
1.04206128E-06 5.85646550E+00 +4.95422433E+01
1.04194924E-06 4.91319175E+00 +4.94107997E+01
1.04183722E-06 3.83452589E+00 +4.93259123E+01
1.04172522E-06 2.75060772E+00 +4.93570240E+01
1.04161325E-06 1.96131744E+00 +4.96559477E+01
1.04150131E-06 2.03544222E+00 +5.01684651E+01
1.04138938E-06 2.88892016E+00 +5.03911088E+01
1.04127748E-06 3.93844551E+00 +5.03615439E+01
1.04116561E-06 4.86149932E+00 +5.02316172E+01
1.04105376E-06 5.46055039E+00 +5.00669741E+01
1.04094193E-06 5.63786210E+00 +4.98973955E+01
1.04083013E-06 5.43463210E+00 +4.97459424E+01
1.04071835E-06 5.00504705E+00 +4.96380480E+01
1.04060660E-06 4.54825986E+00 +4.95884560E+01
1.04049487E-06 4.21247012E+00 +4.95757791E+01
1.04038316E-06 3.98562042E+00 +4.95507713E+01
1.04027148E-06 3.73265358E+00 +4.94912180E+01
1.04015982E-06 3.35242147E+00 +4.94277517E+01
1.04004819E-06 2.87202645E+00 +4.94264885E+01
1.03993658E-06 2.48799041E+00 +4.95546532E+01
1.03982499E-06 2.47827983E+00 +4.97743648E+01
1.03971343E-06 2.84987244E+00 +4.99229072E+01
1.03960190E-06 3.31147898E+00 +4.99571274E+01
1.03949038E-06 3.60850936E+00 +4.99357555E+01
1.03937889E-06 3.64309003E+00 +4.99103560E+01
1.03926743E-06 3.46786761E+00 +4.99125509E+01
1.03915598E-06 3.22758911E+00 +4.99595540E+01
1.03904456E-06 3.05992345E+00 +5.00463605E+01
1.03893317E-06 3.00546268E+00 +5.01411340E+01
1.03882180E-06 3.00235153E+00 +5.02107115E+01
1.03871045E-06 2.97549570E+00 +5.02456834E+01
1.03859913E-06 2.91127642E+00 +5.02564907E+01
1.03848783E-06 2.84967045E+00 +5.02595491E+01
1.03837656E-06 2.83622168E+00 +5.02647858E+01
1.03826531E-06 2.89431182E+00 +5.02704290E+01
1.03815408E-06 3.02922533E+00 +5.02710786E+01
1.03804288E-06 3.23685559E+00 +5.02674114E+01
1.03793170E-06 3.49695830E+00 +5.02641472E+01
1.03782054E-06 3.76818452E+00 +5.02631298E+01
1.03770941E-06 4.00613558E+00 +5.02630827E+01
1.03759830E-06 4.18801977E+00 +5.02638075E+01
1.03748722E-06 4.31185952E+00 +5.02674036E+01
1.03737616E-06 4.37493538E+00 +5.02756709E+01
1.03726512E-06 4.36644514E+00 +5.02880386E+01
1.03715411E-06 4.28242094E+00 +5.03025717E+01
1.03704312E-06 4.13741940E+00 +5.03179791E+01
1.03693216E-06 3.95514142E+00 +5.03335108E+01
1.03682122E-06 3.75122229E+00 +5.03467254E+01
1.03671030E-06 3.53443130E+00 +5.03524848E+01
1.03659941E-06 3.32416489E+00 +5.03452031E+01
1.03648854E-06 3.15300330E+00 +5.03224058E+01
1.03637769E-06 3.04297487E+00 +5.02867105E+01
1.03626687E-06 2.98701387E+00 +5.02450276E+01
1.03615607E-06 2.96494196E+00 +5.02060947E+01
1.03604529E-06 2.97146909E+00 +5.01790186E+01
1.03593454E-06 3.01750873E+00 +5.01731021E+01
1.03582382E-06 3.11292173E+00 +5.01948792E+01
1.03571311E-06 3.25833440E+00 +5.02423536E+01
1.03560243E-06 3.44555295E+00 +5.03052720E+01
1.03549178E-06 3.66133820E+00 +5.03737513E+01
1.03538114E-06 3.89186700E+00 +5.04441701E+01
1.03527053E-06 4.11735512E+00 +5.05170964E+01
1.03515995E-06 4.30573656E+00 +5.05931966E+01
1.03504939E-06 4.42248223E+00 +5.06713969E+01
1.03493885E-06 4.45027965E+00 +5.07494194E+01
1.03482834E-06 4.39631869E+00 +5.08254703E+01
1.03471785E-06 4.27567755E+00 +5.09000294E+01
1.03460738E-06 4.09301041E+00 +5.09768276E+01
1.03449693E-06 3.85045198E+00 +5.10603468E+01
1.03438652E-06 3.56533131E+00 +5.11502598E+01
1.03427612E-06 3.26402029E+00 +5.12393548E+01
1.03416575E-06 2.96012205E+00 +5.13186991E+01
1.03405540E-06 2.64831153E+00 +5.13837188E+01
1.03394507E-06 2.31969331E+00 +5.14323831E+01
1.03383477E-06 1.98107546E+00 +5.14571332E+01
1.03372449E-06 1.65915318E+00 +5.14400294E+01
1.03361424E-06 1.38928795E+00 +5.13574098E+01
1.03350401E-06 1.20565823E+00 +5.11950399E+01
1.03339380E-06 1.13941501E+00 +5.09700563E+01
1.03328361E-06 1.21101374E+00 +5.07415540E+01
1.03317345E-06 1.40947337E+00 +5.05704573E+01
1.03306332E-06 1.69103487E+00 +5.04687714E+01
1.03295320E-06 2.00541403E+00 +5.04163781E+01
1.03284311E-06 2.31917008E+00 +5.03958474E+01
1.03273305E-06 2.62040599E+00 +5.04016302E+01
1.03262300E-06 2.90774973E+00 +5.04327410E+01
1.03251299E-06 3.17763397E+00 +5.04843126E+01
1.03240299E-06 3.42139777E+00 +5.05474999E+01
1.03229302E-06 3.63468743E+00 +5.06155919E+01
1.03218307E-06 3.82710491E+00 +5.06873009E+01
1.03207314E-06 4.01505043E+00 +5.07636772E+01
1.03196324E-06 4.20215810E+00 +5.08435413E+01
1.03185336E-06 4.37369434E+00 +5.09232320E+01
1.03174351E-06 4.51571370E+00 +5.09996560E+01
1.03163367E-06 4.62925784E+00 +5.10724787E+01
1.03152387E-06 4.71820028E+00 +5.11444588E+01
1.03141408E-06 4.77610181E+00 +5.12196877E+01
1.03130432E-06 4.79353930E+00 +5.13003064E+01
1.03119458E-06 4.77019390E+00 +5.13851867E+01
1.03108487E-06 4.71500780E+00 +5.14723435E+01
1.03097518E-06 4.63883834E+00 +5.15614054E+01
1.03086551E-06 4.54593653E+00 +5.16527404E+01
1.03075586E-06 4.42951442E+00 +5.17461375E+01
1.03064624E-06 4.28145103E+00 +5.18414921E+01
1.03053664E-06 4.10589059E+00 +5.19387311E+01
1.03042707E-06 3.91376383E+00 +5.20367778E+01
1.03031752E-06 3.70677974E+00 +5.21341685E+01
1.03020799E-06 3.47511536E+00 +5.22304328E+01
1.03009849E-06 3.20693650E+00 +5.23263664E+01
1.02998900E-06 2.89747074E+00 +5.24248183E+01
1.02987955E-06 2.55764544E+00 +5.25323811E+01
1.02977011E-06 2.21348774E+00 +5.26572193E+01
1.02966070E-06 1.88467400E+00 +5.28046092E+01
1.02955131E-06 1.56965088E+00 +5.29826526E+01
1.02944195E-06 1.26818041E+00 +5.32172083E+01
1.02933261E-06 1.01359078E+00 +5.35565511E+01
1.02922329E-06 8.77256802E-01 +5.40330375E+01
1.02911399E-06 9.21589144E-01 +5.45551921E+01
1.02900472E-06 1.12362402E+00 +5.49726987E+01
1.02889547E-06 1.41115849E+00 +5.52673453E+01
1.02878625E-06 1.73075107E+00 +5.54821822E+01
1.02867704E-06 2.05213640E+00 +5.56466800E+01
1.02856787E-06 2.35774349E+00 +5.57773676E+01
1.02845871E-06 2.64088046E+00 +5.58882248E+01
1.02834958E-06 2.89974801E+00 +5.59910631E+01
1.02824047E-06 3.12730318E+00 +5.60930890E+01
1.02813138E-06 3.31378532E+00 +5.61968499E+01
1.02802232E-06 3.45535103E+00 +5.63022455E+01
1.02791328E-06 3.55630524E+00 +5.64095660E+01
1.02780426E-06 3.62355602E+00 +5.65203612E+01
1.02769527E-06 3.65689396E+00 +5.66363168E+01
1.02758630E-06 3.64721051E+00 +5.67587104E+01
1.02747735E-06 3.58671611E+00 +5.68878784E+01
1.02736843E-06 3.47748089E+00 +5.70227916E+01
1.02725953E-06 3.32712053E+00 +5.71630137E+01
1.02715065E-06 3.14356090E+00 +5.73128605E+01
1.02704180E-06 2.94283076E+00 +5.74813104E+01
1.02693296E-06 2.74997013E+00 +5.76734858E+01
1.02682416E-06 2.57794485E+00 +5.78848097E+01
1.02671537E-06 2.41911720E+00 +5.81092966E+01
1.02660661E-06 2.27004393E+00 +5.83490937E+01
1.02649787E-06 2.14968263E+00 +5.86086854E+01
1.02638915E-06 2.08159544E+00 +5.88816103E+01
1.02628046E-06 2.06575563E+00 +5.91510242E+01
1.02617179E-06 2.08078702E+00 +5.94054721E+01
1.02606314E-06 2.11015291E+00 +5.96450363E+01
1.02595452E-06 2.15036771E+00 +5.98726635E+01
1.02584592E-06 2.19458823E+00 +6.00875567E+01
1.02573734E-06 2.22159369E+00 +6.02878001E+01
1.02562879E-06 2.20956832E+00 +6.04761792E+01
1.02552025E-06 2.15880488E+00 +6.06594564E+01
1.02541175E-06 2.08760747E+00 +6.08418065E+01
1.02530326E-06 2.00599509E+00 +6.10246649E+01
1.02519480E-06 1.91240668E+00 +6.12121378E+01
1.02508636E-06 1.81128962E+00 +6.14087854E+01
1.02497794E-06 1.71209705E+00 +6.16148776E+01
1.02486955E-06 1.61699501E+00 +6.18322221E+01
1.02476118E-06 1.52776796E+00 +6.20708653E+01
1.02465283E-06 1.45888364E+00 +6.23374768E+01
1.02454450E-06 1.42626914E+00 +6.26180723E+01
1.02443620E-06 1.42810545E+00 +6.28872493E+01
1.02432792E-06 1.45089419E+00 +6.31322682E+01
1.02421967E-06 1.48384860E+00 +6.33583506E+01
1.02411143E-06 1.52045519E+00 +6.35759614E+01
1.02400322E-06 1.54985058E+00 +6.37853453E+01
1.02389503E-06 1.55044514E+00 +6.39771499E+01
1.02378687E-06 1.50651350E+00 +6.41480614E+01
1.02367873E-06 1.43100155E+00 +6.43087078E+01
1.02357061E-06 1.35404025E+00 +6.44772888E+01
1.02346251E-06 1.29127996E+00 +6.46661583E+01
1.02335444E-06 1.23422210E+00 +6.48724906E+01
1.02324639E-06 1.16602319E+00 +6.50846417E+01
1.02313836E-06 1.08518279E+00 +6.52997984E+01
1.02303036E-06 1.01944859E+00 +6.55297637E+01
1.02292238E-06 1.00562344E+00 +6.57775688E+01
1.02281442E-06 1.04409589E+00 +6.60218831E+01
1.02270648E-06 1.09323112E+00 +6.62495695E+01
1.02259857E-06 1.12208420E+00 +6.64668643E+01
1.02249068E-06 1.14068415E+00 +6.66726632E+01
1.02238281E-06 1.17413601E+00 +6.68544084E+01
1.02227497E-06 1.23112829E+00 +6.70125576E+01
1.02216714E-06 1.29579882E+00 +6.71698963E+01
1.02205935E-06 1.34196169E+00 +6.73522936E+01
1.02195157E-06 1.36135716E+00 +6.75670508E+01
1.02184382E-06 1.36520329E+00 +6.77973351E+01
1.02173608E-06 1.35834393E+00 +6.80245777E+01
1.02162838E-06 1.34260273E+00 +6.82561672E+01
1.02152069E-06 1.33657173E+00 +6.85114890E+01
1.02141303E-06 1.35977246E+00 +6.87844483E+01
1.02130539E-06 1.40191731E+00 +6.90469310E+01
1.02119777E-06 1.43940468E+00 +6.92864698E+01
1.02109018E-06 1.47302083E+00 +6.95135764E+01
1.02098261E-06 1.51860989E+00 +6.97438805E+01
1.02087506E-06 1.57200338E+00 +6.99869879E+01
1.02076753E-06 1.60446693E+00 +7.02460351E+01
1.02066003E-06 1.59036002E+00 +7.05184508E+01
1.02055255E-06 1.52923327E+00 +7.07960751E+01
1.02044509E-06 1.44275358E+00 +7.10695280E+01
1.02033765E-06 1.35741669E+00 +7.13369768E+01
1.02023024E-06 1.29033612E+00 +7.16074193E+01
1.02012285E-06 1.24334637E+00 +7.18896006E+01
1.02001548E-06 1.20182277E+00 +7.21819602E+01
1.01990813E-06 1.14653985E+00 +7.24813054E+01
1.01980081E-06 1.07571884E+00 +7.27885607E+01
1.01969351E-06 9.99193511E-01 +7.31007932E+01
1.01958624E-06 9.15642712E-01 +7.34200656E+01
1.01947898E-06 8.23778732E-01 +7.37671608E+01
1.01937175E-06 7.37394850E-01 +7.41552252E+01
1.01926454E-06 6.61807229E-01 +7.45622220E+01
1.01915735E-06 5.85087974E-01 +7.49657243E+01
1.01905019E-06 5.08467772E-01 +7.53691428E+01
1.01894305E-06 4.46621078E-01 +7.57706360E+01
1.01883593E-06 4.00652171E-01 +7.61635738E+01
1.01872883E-06 3.62243336E-01 +7.65825775E+01
1.01862176E-06 3.37312252E-01 +7.70808182E+01
1.01851471E-06 3.40112725E-01 +7.76395909E+01
1.01840768E-06 3.64279620E-01 +7.81935772E+01
1.01830067E-06 3.95899735E-01 +7.87368987E+01
1.01819369E-06 4.35334369E-01 +7.92667244E+01
1.01808672E-06 4.71279353E-01 +7.97559027E+01
1.01797979E-06 4.79430421E-01 +8.02214195E+01
1.01787287E-06 4.58494438E-01 +8.07045578E+01
1.01776598E-06 4.26250827E-01 +8.12111395E+01
1.01765910E-06 3.89481554E-01 +8.17156867E+01
1.01755226E-06 3.45406354E-01 +8.22092999E+01
1.01744543E-06 2.99213577E-01 +8.26948648E+01
1.01733862E-06 2.54963520E-01 +8.31440421E+01
1.01723184E-06 2.03171934E-01 +8.35457848E+01
1.01712508E-06 1.45197727E-01 +8.40220591E+01
1.01701835E-06 1.14537756E-01 +8.47600324E+01
1.01691163E-06 1.24772647E-01 +8.54692773E+01
1.01680494E-06 1.31000182E-01 +8.60151371E+01
1.01669827E-06 1.20447621E-01 +8.66299264E+01
1.01659163E-06 1.14061522E-01 +8.73487559E+01
1.01648500E-06 1.13280786E-01 +8.79835065E+01
1.01637840E-06 1.02835676E-01 +8.84969995E+01
1.01627182E-06 8.51015624E-02 +8.89567191E+01
1.01616526E-06 7.09502759E-02 +8.93454642E+01
1.01605873E-06 6.14328904E-02 +8.95957794E+01
1.01595221E-06 5.17508117E-02 +8.97640590E+01
1.01584572E-06 4.07118600E-02 +8.99989495E+01
1.01573926E-06 3.36514752E-02 +9.04150197E+01
1.01563281E-06 3.50900875E-02 +9.08725239E+01
1.01552639E-06 3.86127265E-02 +9.12058447E+01
1.01541999E-06 3.63670339E-02 +9.15710059E+01
1.01531361E-06 3.32759458E-02 +9.21885554E+01
1.01520725E-06 3.78316209E-02 +9.27577594E+01
1.01510092E-06 3.49216505E-02 +9.30454582E+01
1.01499461E-06 1.75209951E-02 +9.34475620E+01
1.01488832E-06 1.54462504E-02 +9.51010940E+01
1.01478205E-06 2.94869924E-02 +9.53925784E+01
1.01467581E-06 3.23910218E-02 +9.53501665E+01
1.01456958E-06 2.54213107E-02 +9.54125970E+01
1.01446338E-06 1.79409987E-02 +9.59032053E+01
1.01435721E-06 1.95490139E-02 +9.64790612E+01
1.01425105E-06 2.17414287E-02 +9.67054519E+01
1.01414492E-06 2.20377305E-02 +9.69818153E+01
1.01403881E-06 2.57685017E-02 +9.74461194E+01
1.01393272E-06 3.17151604E-02 +9.78320679E+01
1.01382665E-06 3.01871292E-02 +9.81314735E+01
1.01372061E-06 1.93562940E-02 +9.85344489E+01
1.01361458E-06 1.14168290E-02 +9.93495007E+01
1.01350858E-06 1.23839196E-02 +9.94913044E+01
1.01340261E-06 2.32129829E-02 +9.88977351E+01
1.01329665E-06 4.10654256E-02 +9.87329874E+01
1.01319072E-06 4.71534454E-02 +9.87939861E+01
1.01308481E-06 3.38055498E-02 +9.90183504E+01
1.01297892E-06 1.12686262E-02 +9.99966431E+01
1.01287305E-06 2.38076423E-02 +1.01848464E+02
1.01276721E-06 3.76429588E-02 +1.02340237E+02
1.01266138E-06 3.69048312E-02 +1.02847389E+02
1.01255558E-06 3.11469752E-02 +1.03666571E+02
1.01244981E-06 3.64440046E-02 +1.04552640E+02
1.01234405E-06 4.04817589E-02 +1.05034620E+02
1.01223832E-06 2.49298611E-02 +1.05232147E+02
1.01213260E-06 9.99806300E-03 +1.02896453E+02
1.01202691E-06 3.82525398E-02 +1.02738528E+02
1.01192125E-06 4.13987985E-02 +1.02973930E+02
1.01181560E-06 2.49826010E-02 +1.03554921E+02
1.01170998E-06 1.46537657E-02 +1.04646701E+02
1.01160438E-06 4.13210557E-03 +1.05918255E+02
1.01149880E-06 1.43464401E-02 +1.08441774E+02
1.01139324E-06 1.78583221E-02 +1.08999327E+02
1.01128771E-06 1.35793016E-02 +1.10533576E+02
1.01118219E-06 3.04387414E-02 +1.11477741E+02
1.01107670E-06 3.18084173E-02 +1.11803386E+02
1.01097123E-06 1.38613548E-02 +1.12561222E+02
1.01086579E-06 2.17783669E-02 +1.14067858E+02
1.01076036E-06 2.75864030E-02 +1.14083086E+02
1.01065496E-06 2.06985451E-02 +1.13437190E+02
1.01054958E-06 2.65129235E-02 +1.12496129E+02
1.01044422E-06 3.45922281E-02 +1.12241471E+02
1.01033888E-06 2.94037897E-02 +1.12426146E+02
1.01023357E-06 1.92951340E-02 +1.13256932E+02
